#SITE	WT_AA	SITE_ENTROPY	PI_A	PI_C	PI_D	PI_E	PI_F	PI_G	PI_H	PI_I	PI_K	PI_L	PI_M	PI_N	PI_P	PI_Q	PI_R	PI_S	PI_T	PI_V	PI_W	PI_Y
1	M	3.54786	0.0285733	0.0398273	0.0370907	0.029878	0.0362792	0.0246755	0.0485107	0.0273217	0.0352143	0.0258097	0.385222	0.0363036	0.0263096	0.0373229	0.0263203	0.017763	0.0331484	0.0245992	0.0481662	0.0316644
2	A	1.75303	0.739628	0.00846759	0.00947579	0.0181393	0.0112633	0.0126313	0.00568582	0.00699725	0.00948857	0.00301435	0.0383551	0.00701366	0.00150034	0.00696789	0.0057393	0.00437815	0.00636568	0.0779403	0.0180236	0.00892481
3	S	3.15857	0.0335538	0.00373388	0.00314729	0.00886178	0.217095	0.00155721	0.0244974	0.00891721	0.00264954	0.231649	0.0181908	0.0294296	0.00523416	0.0172909	0.00746517	0.0948193	0.0182789	0.00775712	0.0870869	0.178785
4	Q	3.81226	0.0115058	0.0182403	0.0075697	0.0517214	0.148306	0.0129576	0.0417777	0.114086	0.0226076	0.0992293	0.0197223	0.0788481	0.000704425	0.00736485	0.038426	0.063706	0.0357095	0.0257911	0.0851926	0.116534
5	G	3.45029	0.0651122	0.073559	0.00493877	0.00248152	0.010493	0.0931198	0.0271348	0.0111288	0.00205777	0.00154077	0.00882893	0.0533452	0.129023	0.00102846	0.092138	0.197365	0.069983	0.00138539	0.141249	0.0140875
6	T	1.65584	0.00505246	0.0125253	0.00908902	0.00744608	0.00839887	0.00751124	0.0200242	0.0556994	0.00652377	0.00927202	0.0163073	0.0115343	0.0127077	0.00672603	0.00540906	0.00455627	0.771142	0.00443926	0.0177878	0.00784807
7	K	1.48246	0.00387545	0.02103	0.00980797	0.0126433	0.00759145	0.00347782	0.0148455	0.00778688	0.801647	0.00311076	0.011785	0.0385334	0.00372096	0.0148419	0.00606895	0.00243905	0.00594353	0.0041319	0.019811	0.00690844
8	R	2.1338	0.00529765	0.0247924	0.0106275	0.00874753	0.00887077	0.0210795	0.00615578	0.00548482	0.00735658	0.0255469	0.0160168	0.00704698	0.0121402	0.116555	0.654455	0.00358645	0.0116035	0.0094072	0.0388613	0.00636769
9	S	2.89278	0.20936	0.00362359	0.00252899	0.000925569	0.0492712	0.00511859	0.00315573	0.00440752	0.00131722	0.205128	0.0851185	0.280502	0.0101762	0.00104915	0.00241569	0.0641386	0.00776217	0.0079942	0.0367021	0.0193048
10	Y	3.45516	0.0925605	0.0129837	0.00199849	0.00257729	0.00766925	0.00541233	0.121384	0.151515	0.148057	0.0860966	0.0218626	0.0189927	0.014496	0.0425541	0.00212722	0.00975511	0.0200911	0.166795	0.00162201	0.0714494
11	E	3.65163	0.027975	0.0594198	0.0678907	0.309999	0.0164369	0.0266282	0.0131494	0.036435	0.021785	0.0155554	0.028799	0.02894	0.0071283	0.0269686	0.0559061	0.0868791	0.0313294	0.0808745	0.0301242	0.0277764
12	Q	2.933	0.0091479	0.00995811	0.00304357	0.00440416	0.0291208	0.00147458	0.21695	0.00958056	0.276696	0.0219716	0.024168	0.0828703	0.00362991	0.0155931	0.222904	0.0457324	0.00495833	0.00465558	0.00718527	0.00595628
13	M	2.49626	0.018013	0.0111941	0.0758704	0.0448217	0.0246302	0.00866506	0.00671922	0.0481449	0.0117233	0.0173932	0.603716	0.0142531	0.00763631	0.0206849	0.00809575	0.0177454	0.00922563	0.0248509	0.0212513	0.00536592
14	E	3.33774	0.0117107	0.0723735	0.0612272	0.367345	0.0614035	0.0183231	0.00674023	0.0395982	0.0400391	0.0179635	0.0195157	0.104561	0.00174141	0.0329894	0.0172568	0.0129615	0.0748431	0.018458	0.0134013	0.00754805
15	T	3.1445	0.0112811	0.0191485	0.0170432	0.0281692	0.014476	0.00902093	0.0666415	0.15602	0.0118017	0.103724	0.018096	0.0353299	0.0042488	0.0192192	0.0106231	0.017224	0.390534	0.0396959	0.015399	0.0123046
16	D	3.25934	0.0398958	0.0224756	0.40286	0.0520947	0.0145026	0.119318	0.0374415	0.0152244	0.0112783	0.0108366	0.0694098	0.0501571	0.0128559	0.045407	0.0151147	0.0244678	0.0121193	0.00818205	0.0211772	0.0151823
17	G	3.38146	0.0718144	0.259452	0.0054418	0.0219252	0.00925159	0.231549	0.0135301	0.00837483	0.0392687	0.00716747	0.0462054	0.0169819	0.102071	0.0402442	0.0402636	0.0235398	0.0233722	0.0137081	0.0151634	0.0106754
18	E	3.83743	0.0388983	0.0208255	0.0601897	0.230854	0.0287267	0.0208353	0.109715	0.0321829	0.0212898	0.0774363	0.00894939	0.0251312	0.0514791	0.0152527	0.0155344	0.0339684	0.0805986	0.0629638	0.039381	0.0257875
19	R	2.45124	0.0116581	0.0315953	0.0483566	0.014076	0.0124271	0.00798942	0.0350334	0.00989424	0.0287212	0.0055039	0.0327669	0.0126618	0.00628987	0.0268946	0.624989	0.00578459	0.0156649	0.0257586	0.0147778	0.0291569
20	Q	2.28681	0.00911801	0.0174665	0.00772218	0.0105776	0.00638475	0.00638258	0.00837677	0.00520898	0.00802827	0.0192793	0.0153461	0.0132091	0.167171	0.598125	0.03109	0.036095	0.0129757	0.00511328	0.012477	0.00985263
21	N	3.31303	0.00813261	0.0044375	0.0164579	0.00410711	0.00454194	0.00689329	0.0175696	0.0047523	0.169209	0.0562902	0.251312	0.106801	0.115713	0.00937331	0.0610767	0.101335	0.0340784	0.0137305	0.00974603	0.00444335
22	A	3.43526	0.187218	0.007931	0.00308469	0.0307044	0.0217325	0.00922327	0.0120276	0.0128679	0.13103	0.00990784	0.00709505	0.00865585	0.0216401	0.0176274	0.121236	0.168692	0.0653673	0.134287	0.020914	0.00875723
23	T	3.57597	0.0815932	0.0502446	0.00510205	0.00231608	0.0640724	0.0177907	0.249538	0.0183566	0.0161829	0.0621401	0.00807289	0.0102918	0.00333221	0.134493	0.0618235	0.0904485	0.0525483	0.0216523	0.00941934	0.0405814
24	E	3.18592	0.0282183	0.0261188	0.0172307	0.344029	0.0110503	0.0075004	0.0585333	0.0385001	0.00557565	0.0177561	0.0248649	0.00842576	0.0254552	0.226736	0.028285	0.0128591	0.0162836	0.0745934	0.0193991	0.00858569
25	I	2.9735	0.00623484	0.00463308	0.00750435	0.0325679	0.00777232	0.253131	0.00738023	0.177759	0.00893137	0.00479358	0.0160103	0.00462409	0.0036815	0.236009	0.137677	0.0230361	0.00498431	0.0438585	0.0169658	0.00244619
26	R	2.97178	0.00838489	0.0114284	0.0176487	0.0191266	0.0114585	0.0130203	0.0134015	0.022847	0.0410283	0.036064	0.0188829	0.00690681	0.0138846	0.00572278	0.398547	0.244042	0.0254184	0.0224186	0.0253379	0.0444304
27	A	3.43491	0.14301	0.00920873	0.00748805	0.024793	0.00514342	0.0095271	0.126381	0.0054763	0.0851609	0.0335683	0.019139	0.0459603	0.000973882	0.0534049	0.0560595	0.0659062	0.0271843	0.266234	0.00906495	0.00631619
28	S	3.32188	0.0766136	0.0534582	0.00523752	0.0048524	0.0141205	0.0795408	0.0321752	0.0107888	0.0368347	0.0257752	0.0218531	0.017419	0.00671145	0.215686	0.0575041	0.291855	0.00892639	0.0124197	0.0154146	0.0128131
29	V	3.2168	0.0128791	0.0248936	0.106458	0.00690101	0.0352488	0.014228	0.00705011	0.118182	0.00772492	0.0119328	0.0556495	0.011089	0.0250626	0.00846327	0.059325	0.0662372	0.0218456	0.380549	0.0193988	0.0068828
30	G	3.55996	0.0620376	0.0858325	0.00488334	0.0242762	0.019772	0.254999	0.00287056	0.00705352	0.0472586	0.00594814	0.0261935	0.0619627	0.0160525	0.169925	0.0268994	0.0385466	0.0754265	0.02583	0.019271	0.0249605
31	K	3.35526	0.0174007	0.0836254	0.00767043	0.0376075	0.0101127	0.025254	0.0188034	0.0546282	0.270721	0.0189006	0.0329312	0.0681069	0.0227141	0.0163932	0.244395	0.0177101	0.0265268	0.0120167	0.00714063	0.00734161
32	M	2.87519	0.00831674	0.00962257	0.0251452	0.0184426	0.0454963	0.0321038	0.026606	0.0092677	0.0111678	0.00394355	0.294321	0.370577	0.0239921	0.00997402	0.0147589	0.0222155	0.0472125	0.0100112	0.0118548	0.0049709
33	I	3.53928	0.0744838	0.122661	0.0115059	0.0466376	0.0071665	0.127257	0.00324082	0.22515	0.00624431	0.028616	0.0834151	0.0128045	0.0158624	0.0074581	0.00735471	0.0410633	0.0827337	0.0782554	0.00694071	0.0111485
34	D	3.75136	0.135636	0.0799936	0.102989	0.131415	0.0740966	0.0303788	0.016055	0.147827	0.00688994	0.0232662	0.0365299	0.0419484	0.00220658	0.0110252	0.016447	0.0289132	0.01832	0.0717082	0.012492	0.0118621
35	G	3.47197	0.0555711	0.0324468	0.00681126	0.0120594	0.0230815	0.348785	0.0488826	0.0223157	0.026329	0.0296945	0.0120053	0.0221244	0.0258835	0.017429	0.0192422	0.134686	0.0594196	0.0230172	0.0351003	0.0451158
36	I	3.49438	0.0841423	0.0191834	0.0284401	0.0164156	0.227994	0.045597	0.00574121	0.176152	0.011116	0.0371109	0.0159438	0.00670672	0.0126706	0.033209	0.0203083	0.0393189	0.166935	0.0174875	0.0254883	0.0100394
37	G	3.47234	0.0527412	0.0485992	0.0347257	0.0137538	0.0184089	0.216809	0.0147011	0.0136742	0.0213594	0.0150292	0.013915	0.0049952	0.0529983	0.0176113	0.0127049	0.21541	0.00793464	0.151509	0.052386	0.020733
38	R	3.85651	0.0178507	0.0377149	0.0554323	0.014926	0.0341566	0.0408871	0.0752073	0.0135526	0.0830979	0.0263606	0.0445589	0.0170731	0.0686801	0.078748	0.240216	0.0139408	0.0392805	0.0199196	0.0432668	0.0351297
39	F	3.63627	0.0594511	0.0716825	0.0119104	0.0091171	0.169153	0.0068252	0.0164245	0.0233062	0.0140741	0.0249109	0.0323329	0.139704	0.0307666	0.0246354	0.0240176	0.069833	0.0136504	0.0328587	0.208413	0.0169335
40	Y	3.33463	0.0746852	0.00970394	0.0171376	0.011515	0.0221919	0.0142851	0.241443	0.0229623	0.00699637	0.020893	0.018941	0.00769537	0.0268257	0.0338003	0.166197	0.0153297	0.00981404	0.0371807	0.017673	0.22473
41	I	3.85603	0.0241943	0.0297599	0.0497138	0.0093077	0.0896534	0.0602095	0.0106921	0.0803176	0.00268215	0.0125127	0.0212875	0.00421949	0.0969281	0.0727055	0.0183294	0.162003	0.0789867	0.0619131	0.0832109	0.0313736
42	Q	3.00279	0.0416857	0.0187516	0.0100066	0.0530436	0.0229029	0.0230698	0.033711	0.0156589	0.0246497	0.0120426	0.024339	0.0139758	0.0494535	0.507956	0.0102847	0.0364806	0.0140455	0.0150391	0.0355466	0.0373571
43	M	3.80606	0.0806467	0.0340192	0.039013	0.0409878	0.0718798	0.0259854	0.0298859	0.0285777	0.0385633	0.0379988	0.248068	0.0416996	0.0158135	0.00957613	0.0179578	0.0273277	0.122409	0.0338892	0.0132745	0.0424275
44	C	3.79585	0.0825313	0.162478	0.0109515	0.073733	0.0169235	0.0898467	0.0395501	0.183488	0.00590938	0.0533455	0.0221947	0.0419542	0.0146036	0.0283377	0.0066708	0.0311573	0.0457091	0.0200536	0.0356368	0.0349251
45	T	3.06305	0.0252368	0.0264648	0.0105745	0.0131634	0.0259819	0.00778857	0.0130099	0.0151558	0.0125393	0.0269129	0.0399132	0.0993104	0.0236732	0.00979651	0.0102581	0.271398	0.330659	0.013489	0.0158681	0.00880605
46	E	3.31725	0.00980416	0.0663743	0.0383854	0.310469	0.127108	0.00979292	0.0355019	0.00958811	0.0144889	0.0137706	0.0248306	0.0462699	0.17219	0.031531	0.00901783	0.00426733	0.042288	0.00591948	0.0192456	0.00915705
47	L	3.62029	0.00505712	0.0547099	0.0721658	0.0393251	0.00588364	0.0922514	0.018637	0.0704065	0.00510079	0.156737	0.0122914	0.0124184	0.113641	0.00686449	0.0501858	0.0383117	0.0303691	0.196777	0.0121792	0.0066875
48	K	3.58195	0.0447328	0.0156665	0.0103512	0.0132166	0.0352182	0.0322828	0.068642	0.0427318	0.210585	0.0615466	0.0289831	0.0132084	0.0164538	0.209582	0.0135889	0.00798712	0.113255	0.0350273	0.0211751	0.00576583
49	L	3.72051	0.0292956	0.0450677	0.022831	0.0203283	0.218132	0.0162209	0.0173918	0.0435883	0.011362	0.170573	0.0491157	0.0395537	0.0511292	0.0168603	0.0359365	0.0265509	0.118597	0.0377859	0.0207445	0.00893593
50	S	3.66849	0.136723	0.0212523	0.00868269	0.0142068	0.105172	0.0598221	0.0538752	0.00389758	0.00566932	0.0374944	0.0665	0.0140236	0.104848	0.208653	0.0440958	0.047164	0.0239427	0.0272042	0.00405837	0.0127157
51	D	3.69222	0.0426472	0.031952	0.0663113	0.0207184	0.00177208	0.123107	0.0167909	0.0502869	0.00498642	0.0823028	0.0169559	0.0616914	0.0122248	0.130856	0.0248401	0.027392	0.178955	0.0971649	0.00537251	0.00367194
52	Y	3.46683	0.291198	0.0203711	0.00485242	0.0910015	0.0138995	0.0375403	0.0200992	0.016608	0.00173707	0.0104551	0.0240409	0.111826	0.00417623	0.00541869	0.0351467	0.0259278	0.0860417	0.0564787	0.0378528	0.105328
53	E	3.49887	0.222771	0.0437569	0.0399513	0.213181	0.0162331	0.019102	0.00474955	0.0110047	0.00464889	0.00944525	0.0357068	0.0323696	0.012482	0.0797299	0.0218657	0.118486	0.0569198	0.0176464	0.0108655	0.0290855
54	G	3.69896	0.0503353	0.0283812	0.0817119	0.0318404	0.0159916	0.267415	0.0189264	0.00973074	0.0113707	0.0165918	0.0238114	0.0258413	0.0554589	0.0703135	0.0450844	0.108225	0.0830496	0.0193529	0.016469	0.0200983
55	R	3.47307	0.0241939	0.0166866	0.0283978	0.00507104	0.0504224	0.00519483	0.0722799	0.0408828	0.332469	0.0189416	0.0302838	0.0111696	0.0542489	0.0132005	0.127218	0.0158164	0.0216393	0.0355008	0.0249537	0.0714289
56	L	3.64135	0.0448169	0.0267666	0.0123784	0.0588365	0.0156955	0.0417289	0.0144824	0.0442504	0.0107412	0.118603	0.0392496	0.295087	0.0218595	0.0233018	0.0183297	0.0840642	0.0595831	0.0208948	0.0159867	0.0333439
57	I	3.52426	0.077162	0.0262296	0.0181832	0.0347627	0.0226908	0.0334309	0.0142786	0.191409	0.0205286	0.0677473	0.0212425	0.0486201	0.0293702	0.00872871	0.0220546	0.0193423	0.0361842	0.282653	0.00894951	0.0164318
58	Q	3.60451	0.0246158	0.0203128	0.0528329	0.0174761	0.0151641	0.0379865	0.0135	0.0310524	0.0925773	0.0180898	0.0106289	0.131737	0.0590367	0.301301	0.0396082	0.0294029	0.0240211	0.022454	0.0248422	0.0333597
59	N	3.49237	0.0268783	0.0144623	0.103627	0.0215987	0.012269	0.230297	0.0455714	0.00705181	0.020236	0.0132732	0.0197671	0.213283	0.0268327	0.0190271	0.0241879	0.0149842	0.109692	0.0491314	0.0186131	0.00921684
60	S	3.74942	0.0327835	0.0614149	0.0162785	0.00951583	0.0167401	0.160699	0.00892364	0.0208216	0.0169438	0.0535804	0.0559878	0.0683456	0.0133838	0.0323883	0.058867	0.211168	0.0869989	0.0377268	0.0158325	0.0215995
61	L	3.26601	0.019483	0.00455852	0.228956	0.00732306	0.0163989	0.0479494	0.0304925	0.0166181	0.0187011	0.15293	0.0207546	0.0316528	0.013251	0.0472683	0.0111011	0.0190459	0.0215217	0.273332	0.0126809	0.0059824
62	T	3.52992	0.0507566	0.0255684	0.0233265	0.106647	0.0118887	0.0819329	0.0288493	0.00677629	0.00872506	0.00993352	0.00807218	0.244941	0.0228808	0.0144105	0.0441548	0.0938258	0.165714	0.0113092	0.0268897	0.0133983
63	I	3.68394	0.185245	0.0736407	0.00608793	0.00906718	0.0409212	0.0059198	0.010945	0.122752	0.0285067	0.151811	0.0908457	0.00566072	0.0488493	0.0321526	0.060939	0.0250741	0.0478731	0.0042479	0.0235059	0.0259545
64	E	3.698	0.0169524	0.0440864	0.0702366	0.300635	0.0262513	0.117584	0.0432686	0.0397743	0.0166876	0.0299605	0.0208781	0.0372454	0.0302132	0.0110468	0.0349166	0.0399453	0.0305205	0.0206823	0.0336646	0.0354498
65	R	3.14259	0.0268729	0.021782	0.0149579	0.046038	0.00870468	0.0186823	0.0152644	0.0105446	0.0781775	0.0120545	0.0201527	0.0524383	0.0544113	0.0219835	0.458535	0.0177881	0.036542	0.0515972	0.0230484	0.0104247
66	M	3.98313	0.0553081	0.0535821	0.0417166	0.0222264	0.0432797	0.043883	0.0268656	0.0380897	0.0620163	0.0230331	0.214456	0.0468765	0.017251	0.0747079	0.0247447	0.0844879	0.0368717	0.0428028	0.0244552	0.0233459
67	V	3.83435	0.0437193	0.0331383	0.033545	0.0549466	0.0263625	0.0426352	0.0343988	0.0266228	0.0307873	0.0139569	0.0563256	0.203722	0.0146133	0.0371459	0.0125068	0.041436	0.0362689	0.179441	0.0162317	0.0621957
68	L	3.97456	0.0255783	0.040242	0.019856	0.0244916	0.0392975	0.0492143	0.0418135	0.0883781	0.0554654	0.19628	0.0229981	0.0657124	0.0411421	0.0576776	0.0240358	0.106009	0.0278925	0.0169779	0.0286677	0.0282697
69	S	3.28706	0.0176765	0.0496336	0.0319674	0.0312271	0.0215878	0.0652257	0.0116409	0.015078	0.0157682	0.0293674	0.0444858	0.0426786	0.0558709	0.0176555	0.0284882	0.435624	0.0198041	0.0331011	0.0138401	0.0192796
70	A	3.32743	0.21645	0.0218854	0.0439397	0.0105805	0.0119162	0.165831	0.02282	0.00755933	0.0221355	0.00841115	0.00998402	0.0155697	0.0128003	0.0173227	0.0212196	0.244328	0.0767758	0.00619534	0.0197914	0.0444842
71	F	3.70444	0.0427331	0.0145025	0.0502539	0.0275942	0.258013	0.0207409	0.0266824	0.0102224	0.102544	0.0167518	0.0117883	0.0557463	0.045873	0.0689184	0.1194	0.014737	0.0140488	0.0168326	0.0436706	0.0389476
72	D	3.43126	0.0183768	0.0503507	0.370442	0.029139	0.041134	0.0124498	0.0120416	0.028374	0.0338785	0.011215	0.0718275	0.0185974	0.0164317	0.0157156	0.101027	0.015008	0.0577854	0.0483991	0.0168409	0.030966
73	E	3.24464	0.0163258	0.0202066	0.0544512	0.0444849	0.0170309	0.00402107	0.00878572	0.0839934	0.0235528	0.303626	0.0160679	0.00498534	0.000845952	0.0381593	0.0128696	0.0367206	0.209557	0.0903401	0.00806655	0.00590834
74	R	3.33196	0.0329785	0.00907069	0.16964	0.0217605	0.0109357	0.00788975	0.0132159	0.00979667	0.0265793	0.0950065	0.0128046	0.0211008	0.0107901	0.143271	0.283209	0.0190905	0.00917808	0.0727561	0.0155383	0.0153887
75	R	3.03539	0.00768308	0.0204498	0.0548077	0.0128601	0.0094293	0.0290005	0.0391837	0.00871194	0.29725	0.0050383	0.0232905	0.0197947	0.0165489	0.00658628	0.308901	0.00685546	0.00679582	0.020025	0.0228039	0.0839843
76	N	3.59805	0.0157121	0.0469069	0.0143988	0.0432541	0.014307	0.0153587	0.00695013	0.170154	0.0286703	0.0826184	0.120071	0.176094	0.00463523	0.0400949	0.010157	0.013909	0.0207853	0.0165965	0.140347	0.01898
77	K	3.85861	0.0563684	0.060706	0.00280519	0.00723005	0.0104109	0.0379322	0.151105	0.0528791	0.0853494	0.0288422	0.11412	0.121326	0.009821	0.0416786	0.0594432	0.0347054	0.0703957	0.0300582	0.0169147	0.0079077
78	Y	3.27106	0.0363207	0.0166086	0.00862567	0.0766281	0.0449777	0.0135121	0.123228	0.0249129	0.0124923	0.0123301	0.00628028	0.0250274	0.014696	0.0174513	0.0372484	0.0162292	0.0147717	0.0612511	0.0441795	0.393229
79	L	3.24852	0.0319495	0.0242711	0.0130692	0.0339058	0.0509428	0.0296239	0.0274085	0.047208	0.0163953	0.439936	0.0824965	0.0515598	0.0293654	0.0200069	0.0143618	0.0125511	0.0146785	0.0165954	0.0178759	0.0257985
80	E	3.5666	0.0280043	0.0169007	0.0489458	0.324584	0.0859964	0.019757	0.0208493	0.0535513	0.0345341	0.0197678	0.0251538	0.0310048	0.00567991	0.0533347	0.00947444	0.0303332	0.0214179	0.0201196	0.0410422	0.109549
81	E	3.65988	0.0131361	0.0444615	0.104095	0.289148	0.0254923	0.0244053	0.0366213	0.0232627	0.020724	0.0261378	0.052157	0.0383915	0.00973533	0.0157411	0.0203432	0.053824	0.0288585	0.103781	0.0105762	0.0591074
82	H	3.57053	0.0103692	0.0817169	0.00495336	0.00521167	0.2236	0.00312228	0.0853418	0.0233647	0.0223697	0.00543637	0.113115	0.0367302	0.00169595	0.152951	0.0262044	0.0382032	0.0367366	0.0323783	0.031507	0.0649922
83	P	2.95595	0.0470974	0.0712225	0.00528955	0.00773389	0.0258985	0.00794489	0.0311958	0.00795569	0.00531361	0.00772582	0.0652567	0.0235705	0.134334	0.452007	0.00919949	0.0336351	0.0123792	0.0187503	0.0298585	0.00363166
84	S	2.93893	0.40159	0.0186583	0.00268142	0.00770792	0.0017521	0.0361872	0.0133754	0.00438813	0.00729376	0.0140545	0.067992	0.166099	0.00607876	0.0122974	0.00838595	0.0842936	0.0391283	0.0122153	0.0924888	0.00333182
85	A	3.96028	0.150017	0.0342239	0.00923183	0.0178898	0.0385582	0.102284	0.0251506	0.0439921	0.024312	0.032054	0.0278497	0.091984	0.0155893	0.118247	0.0476818	0.0682968	0.0563976	0.0428758	0.00756943	0.0457948
86	G	3.69058	0.0783552	0.0165214	0.0130155	0.0147894	0.0146387	0.216366	0.0612913	0.00796875	0.0362036	0.042099	0.00732991	0.124778	0.0646348	0.0484836	0.0981933	0.0898935	0.0385217	0.00869493	0.00701401	0.0112075
87	K	2.87734	0.0144844	0.0333862	0.00822911	0.053578	0.0112204	0.018832	0.0277166	0.0271671	0.535707	0.00855871	0.0365243	0.0135436	0.0213772	0.0255164	0.0187142	0.0223142	0.0257156	0.0399846	0.00870349	0.0487272
88	D	3.23147	0.00665404	0.0595944	0.325313	0.032132	0.0240195	0.0320625	0.00800088	0.0384523	0.0119714	0.0120465	0.0238813	0.218945	0.0123857	0.0656817	0.00852171	0.0724338	0.0137734	0.0152081	0.0153313	0.00359149
89	P	3.61908	0.0960847	0.116114	0.0174555	0.0132959	0.0445064	0.0317102	0.0110899	0.0215531	0.00611321	0.0543799	0.0143304	0.0198416	0.183181	0.00640583	0.0117526	0.0307977	0.0132255	0.161216	0.125674	0.0212727
90	K	3.56408	0.0209827	0.00816555	0.0111325	0.0014656	0.00747006	0.0127965	0.048077	0.134846	0.0957474	0.0232728	0.0156416	0.113896	0.00227202	0.211408	0.108278	0.0311783	0.0857589	0.0276748	0.0201671	0.0197696
91	K	2.94776	0.0238682	0.0588457	0.0246934	0.00901747	0.0126568	0.00655252	0.0281034	0.00787861	0.434614	0.010032	0.0164951	0.0331533	0.0249879	0.0173662	0.202199	0.0190969	0.0114198	0.00786412	0.0225962	0.0285595
92	T	3.24257	0.0364172	0.0161601	0.0319066	0.0131538	0.0451747	0.0252417	0.0179024	0.0313176	0.0171445	0.0391591	0.066017	0.141278	0.01666	0.0218877	0.0150891	0.0134982	0.406464	0.0129355	0.0219375	0.0106555
93	G	3.48131	0.0186949	0.0121599	0.0423002	0.0411048	0.0474908	0.360109	0.0441236	0.0243093	0.0361942	0.0224529	0.063253	0.011758	0.0133317	0.0989079	0.0247764	0.0174417	0.0554215	0.0113806	0.0432111	0.0115788
94	G	3.34643	0.0197502	0.02041	0.0497099	0.0790404	0.0146847	0.412764	0.0150461	0.0380321	0.0295289	0.0350493	0.0744964	0.0282299	0.0165455	0.0257686	0.0294002	0.0204644	0.0386574	0.0162863	0.0218013	0.0143345
95	P	3.5904	0.0288621	0.072163	0.0427206	0.0139955	0.0141636	0.199132	0.0317669	0.00884196	0.0238622	0.0146991	0.029016	0.0177728	0.266026	0.0281833	0.0262626	0.0460905	0.0250026	0.0532963	0.0242603	0.0338832
96	I	3.72679	0.0145641	0.0499852	0.00815813	0.0322094	0.0688586	0.0128013	0.00946887	0.190776	0.0167296	0.144118	0.0460572	0.0135897	0.0258651	0.0181351	0.0126397	0.0319097	0.0850494	0.12865	0.0225721	0.0678625
97	Y	3.64045	0.0335733	0.010691	0.0135735	0.0771536	0.0931418	0.0208043	0.0420881	0.0208417	0.183122	0.0226097	0.0085064	0.0583264	0.0149876	0.0767982	0.0166671	0.0142104	0.0186574	0.0435012	0.0124963	0.21825
98	K	3.96515	0.0313746	0.048729	0.016977	0.0141148	0.0124389	0.0187176	0.0501405	0.0209761	0.139363	0.0410128	0.055165	0.0795564	0.0210429	0.0523832	0.125523	0.109525	0.0651207	0.0487387	0.0392051	0.00989584
99	R	3.35831	0.0163151	0.0534343	0.023755	0.0346659	0.0138492	0.0232996	0.0166082	0.0127103	0.116945	0.0165832	0.0176528	0.028063	0.0184155	0.00961491	0.343804	0.011733	0.125545	0.015349	0.0154785	0.0861795
100	V	3.73061	0.118181	0.023935	0.00522511	0.0332144	0.012331	0.0306821	0.179331	0.0236729	0.00739242	0.174703	0.0342474	0.0366523	0.0553322	0.0338894	0.0556016	0.0280743	0.0341791	0.0854965	0.0260657	0.00179412
101	D	3.59544	0.0626696	0.0229852	0.243636	0.0432787	0.00676847	0.0184312	0.0287994	0.059328	0.0191958	0.0553716	0.0194376	0.0187859	0.129929	0.0187783	0.0155974	0.0419134	0.157985	0.0200173	0.0120405	0.00505193
102	R	3.50717	0.00617383	0.0170278	0.010337	0.0202281	0.0439061	0.0195455	0.0695504	0.00887149	0.0655331	0.0751867	0.0072385	0.0215595	0.0141172	0.0168208	0.217764	0.0718861	0.00688331	0.0120401	0.214537	0.0807939
103	K	3.55856	0.0243483	0.0285866	0.0165909	0.0246145	0.0109377	0.0153661	0.10546	0.0186105	0.214939	0.0201319	0.040041	0.227526	0.0142176	0.0171038	0.0406742	0.0342276	0.0405016	0.0828084	0.0127926	0.0105211
104	W	3.5418	0.0311713	0.0176312	0.0303695	0.0175178	0.169575	0.0159209	0.0190432	0.0869439	0.0134746	0.0254394	0.0114549	0.0240689	0.0213807	0.0109593	0.0234328	0.0167743	0.0446724	0.108738	0.271056	0.0403758
105	M	3.81623	0.0211213	0.0446434	0.0256405	0.0218626	0.1049	0.016999	0.0516328	0.0326565	0.0564419	0.152278	0.199643	0.0550223	0.0107965	0.0445013	0.0122594	0.0461008	0.00810408	0.0273871	0.0225809	0.0454292
106	R	3.4343	0.0208035	0.0139971	0.0430764	0.0719699	0.0171517	0.019711	0.0100045	0.0466749	0.0466438	0.0652128	0.0234193	0.0124582	0.0205865	0.0294404	0.389855	0.0169853	0.0425771	0.0447902	0.033387	0.0312554
107	E	3.21858	0.0622158	0.0092157	0.299251	0.277994	0.0127466	0.0175855	0.0113814	0.0205459	0.0243155	0.00431322	0.0312997	0.0315612	0.033082	0.0142869	0.0167824	0.0469046	0.0356848	0.0168472	0.0234668	0.0105193
108	L	3.466	0.0264639	0.0166446	0.0108807	0.028298	0.0487659	0.029812	0.0169228	0.0471229	0.0728603	0.388612	0.0388413	0.0212518	0.0479705	0.0358094	0.0131766	0.0402959	0.0303552	0.018505	0.0238692	0.0435423
109	V	3.65484	0.0345772	0.196041	0.0198178	0.111743	0.0186035	0.0318827	0.0139144	0.0580383	0.0294446	0.0739709	0.0173724	0.0089997	0.0108842	0.0499244	0.0218384	0.0219657	0.0469941	0.204855	0.0180529	0.0110791
110	L	3.03669	0.0119264	0.0177828	0.0565508	0.010157	0.0305593	0.0162925	0.0145518	0.0210597	0.0693341	0.469881	0.0217643	0.0139868	0.10767	0.0152589	0.0376054	0.0160288	0.0199386	0.0145926	0.024765	0.0102948
111	Y	3.48392	0.0147393	0.00646035	0.0308878	0.0200898	0.0224016	0.014127	0.0660187	0.0370863	0.00953487	0.0383752	0.0740623	0.0101355	0.0301741	0.0311696	0.00188796	0.0610576	0.318031	0.029081	0.0454857	0.139194
112	D	3.62671	0.0244917	0.0318676	0.263523	0.0491893	0.013439	0.0266131	0.0306125	0.0240966	0.0168761	0.0755562	0.0172528	0.119899	0.0117658	0.0194107	0.0674569	0.0107371	0.0148713	0.0564649	0.00776427	0.118112
113	K	3.03113	0.0111747	0.0158405	0.0396486	0.0248549	0.0509307	0.00895466	0.0391444	0.010186	0.492867	0.0305647	0.0124229	0.0332186	0.0125406	0.0668735	0.0254089	0.0484833	0.0134635	0.0138806	0.030767	0.0187752
114	E	3.4425	0.00769896	0.0216062	0.0622735	0.252211	0.040049	0.0320397	0.0215528	0.042216	0.0619471	0.0146546	0.0175133	0.0101345	0.0106871	0.0411163	0.00888397	0.00880864	0.0154979	0.00808249	0.213855	0.109171
115	E	2.99213	0.0331422	0.0207364	0.0362976	0.513447	0.0177268	0.0103246	0.0292908	0.0495364	0.0288091	0.03908	0.0190269	0.0346485	0.0141357	0.0222264	0.0503617	0.02259	0.0218208	0.0121169	0.0117424	0.0129394
116	I	3.00249	0.0265255	0.0505433	0.0278208	0.0158257	0.0211143	0.0222603	0.00497671	0.206685	0.00823168	0.0140885	0.00518125	0.0587342	0.0124079	0.0124249	0.0124176	0.0126514	0.0743229	0.39737	0.00619636	0.0102209
117	R	3.70579	0.0146563	0.0341727	0.00512936	0.0222189	0.0183108	0.0111191	0.0278197	0.0575841	0.0270757	0.0582943	0.167029	0.0134568	0.00325276	0.201158	0.111443	0.0646391	0.0489017	0.0365174	0.0190545	0.058166
118	R	3.74198	0.0325694	0.0256	0.0291067	0.0248279	0.0458341	0.0428624	0.0422254	0.059132	0.0615967	0.0462626	0.0228089	0.0108665	0.03772	0.0296349	0.315309	0.0288427	0.0296876	0.0330545	0.0255456	0.0565133
119	I	3.41975	0.013191	0.0270394	0.0392979	0.0202792	0.0228957	0.042779	0.0260209	0.392358	0.0170635	0.026447	0.0644213	0.0320303	0.0249169	0.0239443	0.0128367	0.0185586	0.0319226	0.0979674	0.036325	0.0297054
120	W	3.49841	0.0225036	0.0370042	0.0267945	0.0177021	0.0538871	0.0263604	0.0162401	0.0237526	0.0517221	0.0129738	0.0569905	0.0123266	0.0299716	0.0452722	0.0127157	0.0112727	0.0133093	0.0340561	0.269902	0.225243
121	R	3.7028	0.0304978	0.0373779	0.0214413	0.0208394	0.0369147	0.0184773	0.0731773	0.023163	0.0732359	0.079741	0.0214445	0.0530775	0.0119521	0.0195849	0.276773	0.109113	0.0235001	0.0169176	0.0127833	0.0399887
122	Q	3.2771	0.00939084	0.0607939	0.00436372	0.00886787	0.00914356	0.00456316	0.0333172	0.197342	0.00701661	0.0808474	0.056544	0.00472773	0.0229895	0.159648	0.0338869	0.0202166	0.0155962	0.253473	0.00350818	0.0137631
123	A	3.27099	0.291732	0.0121529	0.0137519	0.00992728	0.0125508	0.259202	0.020403	0.0120856	0.0097353	0.0504174	0.0126978	0.0292452	0.0271055	0.0198933	0.0581022	0.0669172	0.0265817	0.045987	0.00950383	0.0120085
124	N	3.69996	0.0308369	0.0697925	0.0295395	0.0371232	0.0721872	0.00312661	0.0263251	0.0229284	0.0180676	0.0119884	0.0604628	0.215949	0.0269772	0.0249978	0.0159193	0.133927	0.0145358	0.00718534	0.0442227	0.133907
125	N	3.86387	0.0300231	0.0345703	0.0102484	0.0208553	0.0645461	0.0376693	0.0149495	0.0475375	0.0272394	0.0664322	0.0761926	0.229567	0.0108595	0.0343596	0.0366921	0.0492435	0.0497	0.0522814	0.00928192	0.0977511
126	G	3.56343	0.11286	0.0958489	0.0116821	0.00863866	0.00541858	0.166447	0.0198664	0.00988146	0.0122948	0.172351	0.0974254	0.0195392	0.0113907	0.00525672	0.106978	0.0180812	0.0671744	0.0306688	0.0212167	0.00698024
127	D	4.08957	0.0476003	0.020954	0.069002	0.033998	0.0375237	0.0583979	0.0460881	0.0432318	0.0317746	0.114384	0.0388611	0.0228316	0.0209599	0.136566	0.0408612	0.0375335	0.0317035	0.0724983	0.0798318	0.0153987
128	D	3.31164	0.119305	0.00771642	0.0395945	0.0286123	0.1837	0.0190621	0.283028	0.00788991	0.0101316	0.0260088	0.0101412	0.00824834	0.0076367	0.0107379	0.00904857	0.0265546	0.047553	0.0207165	0.0141905	0.120124
129	A	3.61845	0.156526	0.0510031	0.0112321	0.0147455	0.0234813	0.157474	0.0277293	0.0102029	0.205093	0.0377132	0.0340965	0.0267648	0.00873357	0.0185882	0.0878307	0.0191898	0.0525523	0.0414342	0.00830147	0.00730846
130	T	3.67656	0.0149315	0.0958503	0.0203406	0.0128165	0.0164418	0.00889073	0.0806981	0.0150636	0.125886	0.0626914	0.067923	0.0165903	0.0146959	0.0166197	0.0355934	0.0328657	0.213077	0.121367	0.0125059	0.0151509
131	A	3.17382	0.195564	0.0231676	0.0136752	0.0408483	0.00922863	0.0293119	0.0964331	0.0131172	0.00779485	0.0135014	0.0189856	0.0222324	0.349556	0.00656117	0.00809292	0.0849718	0.0179673	0.0203152	0.0204234	0.00825148
132	G	3.28317	0.0181277	0.022106	0.0462188	0.0135783	0.00950444	0.276752	0.0212632	0.292464	0.0114269	0.0262975	0.0604647	0.0288046	0.020158	0.025011	0.0234695	0.0324793	0.0146887	0.0195946	0.0211447	0.0164466
133	L	2.61928	0.0208194	0.00648035	0.0174487	0.00781102	0.0148978	0.0165406	0.00382017	0.523676	0.0666681	0.161449	0.0450956	0.0144095	0.0177635	0.0240073	0.00478217	0.00923711	0.0112208	0.018622	0.010926	0.00432411
134	T	3.20396	0.0549501	0.108022	0.0206346	0.0100069	0.0427203	0.0177877	0.0105596	0.0133771	0.00767716	0.0241649	0.0242353	0.0122213	0.0292277	0.0110396	0.0129825	0.0744581	0.415116	0.0711202	0.0197411	0.0199581
135	H	3.48428	0.0349555	0.0137709	0.0241826	0.0355871	0.0230483	0.0392543	0.389625	0.0215932	0.05991	0.018439	0.0399109	0.043725	0.0548192	0.0397574	0.0407323	0.0327435	0.0227729	0.015934	0.0129316	0.0363077
136	M	3.68896	0.0923498	0.0532504	0.0086616	0.0506663	0.035379	0.0307623	0.0270302	0.167297	0.00500547	0.0347634	0.170747	0.0131336	0.0156952	0.147543	0.00537124	0.0285047	0.0294638	0.0500517	0.0075038	0.0268206
137	M	3.08178	0.021943	0.011221	0.0157947	0.0121796	0.0314757	0.0144525	0.0126714	0.0608575	0.0947389	0.0334911	0.466182	0.0097696	0.0410542	0.0153134	0.00840428	0.039184	0.0505006	0.0194346	0.0162118	0.0251199
138	I	2.91638	0.0190263	0.0104318	0.0202303	0.0115643	0.0262878	0.0294268	0.00985481	0.520066	0.0299063	0.0418222	0.060732	0.0275821	0.0709882	0.0104608	0.0112641	0.022122	0.0147293	0.0243989	0.0233466	0.0157595
139	W	3.81917	0.0279816	0.0372214	0.0118094	0.0319381	0.0167783	0.0263837	0.0599491	0.0441763	0.0306608	0.130288	0.0429523	0.0259141	0.0251584	0.0490142	0.029545	0.0301313	0.0724034	0.0323023	0.250797	0.0245957
140	H	3.72115	0.033463	0.0303292	0.060915	0.0524345	0.023331	0.0462115	0.30724	0.0533938	0.0159052	0.0298209	0.0381972	0.0728397	0.0181354	0.0684307	0.0136234	0.0249977	0.0173608	0.0311851	0.0238618	0.0383237
141	S	3.4222	0.0252311	0.0361273	0.0440893	0.014072	0.110237	0.0513568	0.0411084	0.0382791	0.0202023	0.00954379	0.0178488	0.0209204	0.0601807	0.0112534	0.0152092	0.373301	0.0538112	0.0198124	0.0228634	0.014552
142	N	3.39736	0.0144004	0.0299157	0.0186197	0.0147952	0.0231179	0.0291834	0.0363394	0.0231567	0.0361933	0.048702	0.0643696	0.413844	0.0561253	0.0348144	0.0259756	0.0300609	0.0189465	0.0282977	0.0191304	0.0340121
143	L	3.64708	0.0124509	0.0281329	0.00939182	0.0110218	0.0181321	0.0589238	0.0613835	0.0958322	0.0355842	0.28559	0.0344535	0.0256112	0.039648	0.013896	0.0327505	0.112515	0.0247302	0.0188627	0.0638185	0.0172714
144	N	3.26107	0.103731	0.0384623	0.0165215	0.0250108	0.024044	0.0150774	0.0137171	0.0520084	0.026878	0.0152339	0.170503	0.355236	0.0275591	0.0107392	0.00412329	0.00503415	0.0352456	0.00700586	0.026443	0.0274268
145	D	3.44268	0.0495041	0.0296806	0.376176	0.0333512	0.00744364	0.0800998	0.0155684	0.0195131	0.0544757	0.0288088	0.0640955	0.0153141	0.0175658	0.0278517	0.0379219	0.0123567	0.0686291	0.0140766	0.024811	0.022756
146	T	3.19243	0.294764	0.0366738	0.028815	0.0160144	0.0148802	0.0290298	0.012275	0.00841017	0.0355244	0.0162527	0.0126289	0.0108824	0.00751649	0.0319982	0.0144761	0.0753628	0.28757	0.0298137	0.0154532	0.0216585
147	T	3.42799	0.0140556	0.111359	0.00930155	0.0211094	0.0361329	0.0170056	0.0261153	0.101062	0.0218344	0.0107789	0.0371351	0.0458983	0.015903	0.0450733	0.0143378	0.00775841	0.344756	0.0716129	0.0367373	0.0120323
148	Y	2.81104	0.0263446	0.0217519	0.0296961	0.0116986	0.0181524	0.0136699	0.0401933	0.0492837	0.0117679	0.0207835	0.0287531	0.0462677	0.0185468	0.00886607	0.0129777	0.0231386	0.0406217	0.00754051	0.0180621	0.551884
149	Q	2.85313	0.0174794	0.0227434	0.0110222	0.0160558	0.0404532	0.0281559	0.0211981	0.0435564	0.0286696	0.00813131	0.0173282	0.0252047	0.0206113	0.549546	0.0212878	0.011808	0.0319964	0.0348571	0.0174297	0.0324656
150	R	3.30193	0.0287006	0.0304921	0.0344155	0.0405453	0.0129212	0.0286273	0.0316109	0.0122014	0.0838403	0.0179507	0.0282099	0.00944832	0.0565246	0.0313349	0.424745	0.03341	0.0111988	0.010942	0.0328428	0.0400384
151	T	2.95457	0.0259164	0.0167756	0.025915	0.0516813	0.0256942	0.0234969	0.0118594	0.0111243	0.0991367	0.0298339	0.0280664	0.0145719	0.0118697	0.0450997	0.0103821	0.0131387	0.501543	0.0231577	0.0209902	0.00974687
152	R	2.73725	0.00815336	0.0108661	0.0121411	0.0394517	0.0122398	0.00299408	0.074337	0.00873791	0.0753789	0.0198594	0.0183297	0.00878193	0.0288423	0.0431683	0.539065	0.015974	0.0128004	0.00953946	0.0117149	0.0476245
153	A	3.13585	0.462957	0.0187803	0.0141025	0.0233469	0.0830871	0.0338063	0.00758968	0.0241898	0.0181642	0.0221951	0.00983486	0.0148804	0.0251323	0.0297292	0.0227452	0.0625552	0.0578426	0.0205069	0.0201448	0.0284092
154	L	2.93031	0.00883119	0.0402197	0.00689986	0.0176692	0.00820038	0.0116963	0.00527435	0.312165	0.0453011	0.317201	0.0192921	0.0165697	0.0118328	0.00739834	0.0119488	0.010605	0.0102142	0.0962705	0.0277126	0.0146976
155	V	2.74705	0.0361528	0.0163276	0.0325327	0.0148654	0.0163848	0.0611588	0.00871199	0.0476286	0.0113769	0.0153786	0.0232689	0.0195492	0.0152533	0.0144763	0.0171138	0.0325546	0.0215295	0.565155	0.0126555	0.0179258
156	R	2.75511	0.03421	0.0297995	0.00445652	0.014202	0.00887969	0.0177226	0.0473581	0.0235794	0.0244123	0.00900161	0.00739299	0.0102547	0.0141369	0.118028	0.532666	0.0255718	0.0122581	0.0291444	0.0104569	0.0264682
157	T	3.30479	0.0635573	0.0292281	0.0421067	0.0114551	0.00906718	0.00987099	0.0130219	0.120321	0.0231797	0.00532949	0.00890567	0.00801971	0.0128506	0.0275991	0.0236558	0.282673	0.217155	0.0601854	0.019866	0.0119519
158	G	3.42817	0.0357941	0.0304081	0.0126352	0.0183454	0.0314158	0.371183	0.0684852	0.0116866	0.0138401	0.0771073	0.0650493	0.0720453	0.0231482	0.0346053	0.0117082	0.0519204	0.0220571	0.00807865	0.0111472	0.0293394
159	M	2.98947	0.0199203	0.0296637	0.0142875	0.00704386	0.0152606	0.0116547	0.0257517	0.0355476	0.022861	0.223418	0.419714	0.010732	0.0147658	0.0288333	0.0246087	0.0236004	0.0171906	0.0244615	0.0105466	0.0201376
160	D	3.02486	0.00794449	0.031687	0.467434	0.0841119	0.0102483	0.0201209	0.0072411	0.0379825	0.00849902	0.0120248	0.0084832	0.0480022	0.0175932	0.0188894	0.0148488	0.00919663	0.0213917	0.0530741	0.0846177	0.0366088
161	P	3.13964	0.16393	0.0126885	0.0106885	0.00723943	0.0151849	0.0933012	0.00725608	0.0116206	0.0305182	0.0206851	0.010441	0.00714039	0.31993	0.019591	0.0214171	0.181947	0.0186818	0.0283029	0.0130563	0.00637969
162	R	3.00851	0.00397806	0.00989593	0.0174217	0.0343128	0.0664536	0.0489605	0.0311346	0.0309126	0.0413332	0.020675	0.0136206	0.0267471	0.0388923	0.0207584	0.495518	0.00590128	0.0134565	0.0142065	0.0480859	0.0177348
163	M	3.27178	0.0224163	0.0542051	0.00855226	0.0122759	0.00870002	0.0194347	0.00715483	0.270695	0.0200327	0.0223962	0.222347	0.00830239	0.00435363	0.0218871	0.0108234	0.0214692	0.102121	0.122648	0.0237165	0.016469
164	C	3.16608	0.333154	0.175107	0.00784272	0.00287901	0.00345694	0.00533515	0.00837689	0.0601645	0.0196781	0.0187922	0.0804212	0.0112868	0.0275122	0.0439459	0.00969548	0.0362323	0.0175674	0.122469	0.00577411	0.0103079
165	S	3.20476	0.192438	0.0447361	0.00550109	0.0182906	0.0267652	0.0296303	0.0131802	0.0272301	0.00486891	0.0202355	0.0258765	0.169969	0.0324284	0.0100232	0.00501194	0.309961	0.0246768	0.0182025	0.00861568	0.012359
166	L	3.42362	0.020491	0.00870569	0.0256329	0.145781	0.005781	0.00890695	0.0523346	0.0328573	0.0229612	0.272384	0.105585	0.0113004	0.0171422	0.13833	0.00902552	0.0623239	0.0120491	0.0222519	0.0141182	0.0120387
167	M	3.01545	0.0158488	0.0277659	0.0182427	0.0114634	0.029006	0.0223498	0.0105595	0.0312747	0.0156639	0.127794	0.475563	0.0441672	0.00661486	0.023165	0.0301501	0.0343133	0.01823	0.027247	0.00825023	0.0223308
168	Q	3.31909	0.0686945	0.0312595	0.0211567	0.0202705	0.0138561	0.0196435	0.0233962	0.017847	0.0359882	0.0107982	0.0568152	0.0165307	0.0271394	0.38461	0.0166524	0.136276	0.0521976	0.0156004	0.0100643	0.0212041
169	G	3.23655	0.0767454	0.0220277	0.0180606	0.0140444	0.0183765	0.443952	0.0228583	0.0609654	0.0566552	0.0240744	0.0160547	0.0156523	0.0180924	0.0251106	0.0221331	0.0198205	0.0262686	0.0409112	0.0398702	0.0183262
170	S	3.15184	0.0299056	0.026568	0.0710668	0.0177726	0.0396897	0.0240667	0.0136899	0.0174902	0.0164338	0.0297581	0.0279475	0.0128059	0.0201813	0.0370816	0.0321743	0.472632	0.046842	0.0216256	0.0324553	0.00981301
171	T	3.25546	0.00840148	0.0482091	0.018699	0.0454655	0.0072019	0.0244053	0.0233936	0.0239046	0.0259425	0.0403646	0.108779	0.0286754	0.0137837	0.0332282	0.0245524	0.0203562	0.419501	0.0604806	0.0101076	0.014548
172	L	3.16147	0.156277	0.0555232	0.00761171	0.0149868	0.00891431	0.0159581	0.0201376	0.0859036	0.0335832	0.402661	0.0141745	0.0139733	0.0278236	0.0219481	0.0206709	0.0308632	0.0128652	0.0317083	0.00843139	0.0159846
173	P	3.39627	0.103091	0.0112062	0.0319745	0.0331464	0.00623959	0.008056	0.0141528	0.0186403	0.143814	0.0210339	0.0154697	0.0258438	0.312862	0.116874	0.0169315	0.0320387	0.0274273	0.022307	0.0074342	0.0314563
174	R	2.65804	0.00604725	0.0120318	0.00967324	0.0349198	0.0112429	0.0137352	0.0175983	0.0182081	0.00912576	0.0169045	0.0218592	0.0743354	0.01349	0.0188032	0.562312	0.0144445	0.0898002	0.0202007	0.0219798	0.0132886
175	R	2.83095	0.0202948	0.0177444	0.0425129	0.0409762	0.0225541	0.00821685	0.0193669	0.00792718	0.0639055	0.0202855	0.0347961	0.0182655	0.0200169	0.0117152	0.543711	0.0368714	0.0118548	0.016364	0.0317344	0.0108861
176	S	3.04461	0.131715	0.0129507	0.0119487	0.0231384	0.0225932	0.0255448	0.0295321	0.0507491	0.0165043	0.0119292	0.0121755	0.0122365	0.0079426	0.0286335	0.0320967	0.466079	0.0227826	0.0339545	0.019688	0.0278058
177	G	2.69873	0.00951089	0.0338684	0.025136	0.0510473	0.0113726	0.577901	0.0153264	0.0400277	0.0135966	0.0334449	0.018617	0.00966818	0.0105102	0.0220652	0.0154862	0.0390471	0.0179016	0.0233063	0.0143527	0.017814
178	A	3.61126	0.312388	0.0143833	0.0625278	0.0161732	0.00455463	0.02143	0.0341593	0.0355356	0.0176244	0.0308168	0.0779223	0.0829282	0.0299866	0.0290539	0.044838	0.0622042	0.031783	0.0698192	0.0122033	0.00966862
179	A	3.11456	0.449471	0.0594932	0.00846356	0.067607	0.0551719	0.0308104	0.0243161	0.0152524	0.0858308	0.014857	0.0405026	0.00819489	0.0105537	0.0254349	0.00697932	0.0410982	0.0155643	0.0152821	0.0153772	0.00973929
180	G	2.77787	0.0281614	0.0144607	0.0395248	0.0133244	0.0485321	0.555865	0.0132962	0.0226936	0.0242747	0.0117672	0.0302108	0.0153072	0.00639736	0.0357104	0.00798037	0.0109063	0.0335928	0.0123633	0.0521184	0.0235131
181	A	3.41108	0.198901	0.00974505	0.00381786	0.0387495	0.229562	0.0540704	0.0350839	0.00780855	0.0311926	0.0131612	0.0499759	0.0175818	0.00475758	0.169697	0.0237939	0.0261378	0.0145468	0.0118239	0.00680333	0.0527898
182	A	2.89681	0.468597	0.0108164	0.0142585	0.0121191	0.0127447	0.0198571	0.0338103	0.00697786	0.0125039	0.0150622	0.0459387	0.165856	0.00747441	0.0200257	0.00873407	0.0218073	0.0120325	0.0438606	0.0510262	0.0164969
183	V	3.12292	0.0437894	0.0268272	0.00939623	0.0379192	0.0258761	0.0128554	0.0432429	0.139351	0.0156165	0.0181704	0.0139908	0.00890552	0.0161538	0.0187546	0.0132762	0.0300024	0.0511899	0.436109	0.00727727	0.0312965
184	K	2.92839	0.0241122	0.0245277	0.00758455	0.0182296	0.0210254	0.0836638	0.0244325	0.0229276	0.517594	0.0143313	0.0386339	0.0131562	0.0403857	0.0129033	0.0144552	0.017053	0.0321857	0.0409268	0.0117201	0.0201514
185	G	2.98768	0.0574502	0.0185525	0.0124436	0.104207	0.01099	0.486874	0.0185004	0.0173034	0.00727131	0.0305259	0.00798232	0.015364	0.0273692	0.0471774	0.0383851	0.0126806	0.0242928	0.0211894	0.0140477	0.0273936
186	V	3.25623	0.0118808	0.019808	0.0126845	0.022418	0.0146282	0.00715677	0.0676901	0.155024	0.0257577	0.0328164	0.00863737	0.0245831	0.0127771	0.282291	0.021881	0.0106104	0.0293684	0.217123	0.00584906	0.017015
187	G	3.31726	0.0754265	0.03277	0.0378108	0.0222197	0.0166438	0.41163	0.0135736	0.0195189	0.0467421	0.0288529	0.00879566	0.00529768	0.0203752	0.00955941	0.0426375	0.0416356	0.0229923	0.0398565	0.0271017	0.0765607
188	T	3.24141	0.0144852	0.0332669	0.0412512	0.0228619	0.0175593	0.0563472	0.0374729	0.0185845	0.0284373	0.0270688	0.018282	0.0140001	0.0168745	0.0600663	0.0112629	0.105105	0.426711	0.0111203	0.0164019	0.0228415
