#SITE	WT_AA	SITE_ENTROPY	PI_A	PI_C	PI_D	PI_E	PI_F	PI_G	PI_H	PI_I	PI_K	PI_L	PI_M	PI_N	PI_P	PI_Q	PI_R	PI_S	PI_T	PI_V	PI_W	PI_Y
1	M	3.47298	0.0248673	0.0282187	0.036809	0.0362144	0.0331574	0.02042	0.0693787	0.0195471	0.0418476	0.0221997	0.398584	0.033268	0.0272202	0.0288248	0.0298027	0.0184311	0.031836	0.0184306	0.0432005	0.037742
2	A	1.5688	0.767244	0.00784138	0.00636706	0.012323	0.00793838	0.00674061	0.00769541	0.00528173	0.0070885	0.0028121	0.0363829	0.00607823	0.00196673	0.00774232	0.00751418	0.00324685	0.00269139	0.0827584	0.0136101	0.00667689
3	S	3.64326	0.0844621	0.00232369	0.00784118	0.002882	0.0224471	0.00412428	0.0739536	0.0583372	0.010665	0.11359	0.0806178	0.109439	0.00277478	0.0359689	0.0206467	0.138817	0.0257615	0.0147843	0.0272042	0.16336
4	Q	3.58931	0.0289242	0.0411783	0.00477522	0.0225172	0.157726	0.00801619	0.00825713	0.0482705	0.0128525	0.118142	0.0243064	0.151015	0.000374919	0.051598	0.000716503	0.107587	0.0225829	0.0388027	0.0127469	0.139609
5	G	3.11443	0.163528	0.0759594	0.0143698	0.00576874	0.00443901	0.334784	0.00643839	0.00368864	0.00679126	0.0378886	0.0142254	0.0254625	0.00631959	0.00305069	0.140618	0.0478558	0.0659909	0.00293016	0.027436	0.0124545
6	T	1.22684	0.00695899	0.00862987	0.00644016	0.00742019	0.00570074	0.00435306	0.0245797	0.00668731	0.00527866	0.0027212	0.0149509	0.00884225	0.00713809	0.00735171	0.00340095	0.00327127	0.846065	0.00399082	0.022082	0.00413689
7	K	1.42277	0.00255067	0.0147162	0.0125354	0.00936778	0.00862823	0.00676638	0.00481715	0.00841418	0.808103	0.00206781	0.00788312	0.0475004	0.00139676	0.0160254	0.00293418	0.00256519	0.00583204	0.00731013	0.0147838	0.0158026
8	R	2.09816	0.00423361	0.017943	0.00697833	0.00674404	0.00625298	0.020461	0.0042118	0.00356219	0.00366031	0.05077	0.01367	0.00565518	0.0426377	0.110728	0.652634	0.00504894	0.0101159	0.00556737	0.0232075	0.00591807
9	S	3.10896	0.089042	0.0118386	0.00519243	0.0159645	0.0316099	0.010664	0.00697741	0.0386574	0.00975011	0.0573039	0.0612205	0.0691368	0.00411962	0.0601892	0.00553181	0.428839	0.0244479	0.0101431	0.00744691	0.0519251
10	Y	3.61177	0.185785	0.0140632	0.0426998	0.00622804	0.0637082	0.0143918	0.0584627	0.0522455	0.0381151	0.0869571	0.0492276	0.0386015	0.0248907	0.0130293	0.00186748	0.0153508	0.0346567	0.0268834	0.00386412	0.228972
11	E	3.2311	0.0148394	0.0252622	0.0428067	0.418162	0.01102	0.0216982	0.0152742	0.0269364	0.0383784	0.0169603	0.0703515	0.0162749	0.0129287	0.0289229	0.00993835	0.0630788	0.0106349	0.0495754	0.0993162	0.00764043
12	Q	3.7612	0.0371941	0.0519587	0.0136388	0.00485262	0.0214713	0.0214255	0.0402891	0.0418289	0.229432	0.0722452	0.0107541	0.0969138	0.00903349	0.111266	0.059681	0.0592547	0.0558586	0.0288718	0.0279388	0.00609101
13	M	2.89681	0.0246506	0.064542	0.225548	0.00599433	0.00568226	0.0330804	0.0192016	0.0481406	0.0205992	0.00828676	0.410497	0.0483317	0.0075091	0.00588046	0.00802916	0.00450442	0.0148077	0.00936828	0.0224379	0.0129093
14	E	2.66909	0.0141426	0.0304405	0.0404784	0.437493	0.0070591	0.0064076	0.00950316	0.00581076	0.270503	0.00885052	0.0190472	0.00681029	0.00427275	0.0346777	0.0102016	0.00910562	0.00880221	0.018189	0.0400502	0.0181547
15	T	3.09092	0.00252572	0.0198482	0.00389455	0.0814768	0.0649643	0.00682125	0.0375672	0.111552	0.00591838	0.254982	0.00821185	0.0262584	0.00521368	0.0139634	0.00312214	0.0315208	0.285933	0.00859777	0.0174312	0.0101978
16	D	3.17102	0.0184878	0.0109673	0.371232	0.109163	0.0177723	0.133991	0.00900878	0.0196281	0.00597088	0.003584	0.0284922	0.0222661	0.00350392	0.0275196	0.112419	0.0256161	0.0168641	0.0154046	0.0156217	0.0324866
17	G	3.12281	0.0140286	0.0215516	0.00801236	0.00477675	0.00333494	0.302749	0.00865006	0.0634784	0.0350508	0.00457358	0.173013	0.0158533	0.14461	0.12455	0.00441037	0.0232476	0.0271922	0.00810647	0.0103323	0.00247826
18	E	3.60222	0.0189075	0.0248911	0.110284	0.168624	0.0204814	0.0243385	0.00797257	0.0277564	0.0151222	0.11044	0.0057463	0.0390219	0.0611081	0.0259811	0.00504405	0.0140326	0.0213438	0.213377	0.0161071	0.0694215
19	R	2.58369	0.0221297	0.0380936	0.0107522	0.0126582	0.0761573	0.00594445	0.0432397	0.0115619	0.00812718	0.00358516	0.0196348	0.0277691	0.0150888	0.0126342	0.588985	0.0139786	0.0290566	0.0247768	0.0150962	0.020731
20	Q	2.49437	0.00587608	0.00547693	0.00311242	0.00710393	0.009717	0.00652476	0.010125	0.0105384	0.00669888	0.00649602	0.0112402	0.00767296	0.173152	0.443496	0.0340693	0.219998	0.0106878	0.0117607	0.0057419	0.0105119
21	N	3.69409	0.0210137	0.0739846	0.0126182	0.218431	0.00346756	0.0114773	0.0131097	0.029851	0.0610848	0.0813389	0.0735369	0.157078	0.0104572	0.0165962	0.0353316	0.0495132	0.0673017	0.0253538	0.0172269	0.0212281
22	A	3.58056	0.149982	0.0123589	0.0656941	0.00552835	0.0141548	0.0175413	0.043183	0.0134511	0.118213	0.00893605	0.00376135	0.0213265	0.0435997	0.0321372	0.0570016	0.0430737	0.174791	0.161308	0.00395984	0.00999876
23	T	3.71931	0.0427027	0.0262464	0.00318408	0.0173265	0.00908227	0.0477541	0.197628	0.0138672	0.0187376	0.0786922	0.0179575	0.0789192	0.0154894	0.0713318	0.0361678	0.142528	0.118127	0.0203843	0.0326943	0.0111783
24	E	3.32813	0.0160696	0.0204961	0.0206956	0.322627	0.00594398	0.00384895	0.0220717	0.0618802	0.0520418	0.0207906	0.0100903	0.0121645	0.00548829	0.187924	0.0513776	0.0261803	0.0548164	0.048552	0.00350999	0.0534311
25	I	3.18148	0.00999442	0.00433159	0.00479186	0.00391914	0.0068467	0.0264489	0.00937823	0.18818	0.104216	0.0375477	0.233265	0.00546135	0.0166708	0.0915595	0.0486263	0.00619354	0.00564481	0.183509	0.00730592	0.00611014
26	R	3.02657	0.109121	0.00784605	0.00974	0.0254676	0.0891584	0.0123274	0.0410169	0.00681045	0.192242	0.0103391	0.0135571	0.00272416	0.00656899	0.0430909	0.365592	0.026926	0.0099771	0.0111671	0.00398513	0.0123431
27	A	3.57038	0.109546	0.00795744	0.00468318	0.00600749	0.0052644	0.0170535	0.0658687	0.0256503	0.140229	0.0557416	0.140863	0.0161205	0.0348833	0.145644	0.145573	0.0101048	0.038403	0.0116592	0.0079344	0.0108128
28	S	3.47247	0.128424	0.0263642	0.00674355	0.00780271	0.0623969	0.0975877	0.0271707	0.00589705	0.0662581	0.00428204	0.0168081	0.180844	0.00280714	0.079407	0.0506994	0.192418	0.0295455	0.00289645	0.00412579	0.00752201
29	V	3.06265	0.169842	0.0235155	0.0179532	0.0264087	0.0101665	0.0105313	0.00429129	0.203536	0.0127596	0.0139582	0.0196972	0.00751916	0.00976366	0.0242879	0.0100202	0.018615	0.0384204	0.342227	0.0190227	0.0174645
30	G	3.21617	0.1693	0.00474069	0.0134396	0.035934	0.100769	0.229936	0.00510512	0.00680545	0.0211729	0.0129238	0.0252037	0.0147967	0.0166997	0.242846	0.0105039	0.0301737	0.0158733	0.00863393	0.0310251	0.00411738
31	K	3.47624	0.0180931	0.0116101	0.00526174	0.186102	0.0511005	0.166236	0.0117817	0.0162146	0.217234	0.0103878	0.0443833	0.011903	0.0739425	0.027855	0.0570202	0.0307477	0.00976578	0.022121	0.0238438	0.00439599
32	M	3.03664	0.00800303	0.0179211	0.00765667	0.00422844	0.0125418	0.00785794	0.00739925	0.0282517	0.0200978	0.0100364	0.345122	0.0348123	0.0208517	0.00699494	0.0114473	0.221249	0.0146314	0.139767	0.0309487	0.0501821
33	I	3.19189	0.137748	0.0353475	0.00974451	0.0116196	0.0223996	0.0123576	0.00299266	0.173321	0.00752688	0.209456	0.224797	0.0265031	0.00286346	0.00502707	0.00273383	0.0043392	0.0423694	0.0402773	0.0144458	0.0141311
34	D	3.91447	0.0631031	0.0775437	0.0734083	0.073038	0.0194811	0.0356612	0.0502797	0.0183474	0.00787733	0.0878888	0.176658	0.0185243	0.00260197	0.0888339	0.0243724	0.0595603	0.0271386	0.0496099	0.0145774	0.0314945
35	G	3.3322	0.0566593	0.0417584	0.0165668	0.0140617	0.0371299	0.30723	0.0553009	0.0298359	0.0248188	0.0119164	0.0325561	0.0343806	0.00647069	0.00586217	0.0249214	0.234669	0.0196272	0.0162871	0.0141178	0.0158304
36	I	3.37943	0.0107427	0.015654	0.0202022	0.0169977	0.0540199	0.00301045	0.0360317	0.224723	0.00986532	0.0202993	0.234944	0.00553859	0.0067247	0.0772637	0.0497093	0.0308495	0.0286497	0.131348	0.0184424	0.0049844
37	G	3.3382	0.0113323	0.0291124	0.0405007	0.211734	0.052944	0.323553	0.0181414	0.0134664	0.0134291	0.0426016	0.052624	0.0447079	0.0101627	0.0171312	0.00695029	0.0323698	0.0214505	0.0137536	0.0343738	0.00966075
38	R	3.5837	0.0395628	0.0218998	0.0223747	0.0264412	0.0263895	0.083333	0.0249084	0.026215	0.012301	0.154268	0.019059	0.0335602	0.0327117	0.038626	0.289661	0.0450412	0.0114147	0.00945055	0.072138	0.0106451
39	F	3.46878	0.19243	0.0290193	0.00928674	0.0507138	0.190115	0.019445	0.0065415	0.00800697	0.0154238	0.016019	0.0404307	0.0228903	0.0182647	0.00830635	0.020291	0.00554829	0.0352306	0.0237377	0.174751	0.113548
40	Y	3.07593	0.0736084	0.00748692	0.120524	0.00778585	0.0134882	0.0131819	0.144396	0.0176769	0.00937976	0.0125753	0.0114403	0.00971136	0.0108526	0.0442291	0.0125244	0.00930429	0.0381549	0.00788212	0.0426081	0.393189
41	I	3.93593	0.0370003	0.0858586	0.0128116	0.0985865	0.0223545	0.0772743	0.0151917	0.116703	0.00709172	0.082019	0.0292371	0.116691	0.00940505	0.0439536	0.0226871	0.0658646	0.0871347	0.0152499	0.0295558	0.0253303
42	Q	3.21487	0.0210387	0.0684329	0.019866	0.0234398	0.00816983	0.0615158	0.0547749	0.00932805	0.172611	0.0154423	0.0165866	0.0127522	0.039721	0.37767	0.0276508	0.00901888	0.0139228	0.0236213	0.0107825	0.0136549
43	M	3.55174	0.0331054	0.03696	0.0167172	0.01276	0.0118545	0.00868717	0.097973	0.0516793	0.0999765	0.103256	0.285377	0.0861418	0.00750305	0.0310559	0.0369733	0.0198715	0.0158781	0.0199739	0.0143435	0.00991252
44	C	3.66775	0.0370807	0.201062	0.00878943	0.0592721	0.0154392	0.0150559	0.00524611	0.127255	0.116808	0.076748	0.0197068	0.0841816	0.00684322	0.0139817	0.102063	0.0142707	0.0211113	0.0232518	0.0400468	0.0117859
45	T	3.53985	0.0228629	0.142864	0.0205657	0.01769	0.00903567	0.0264013	0.0124692	0.0223643	0.030615	0.190448	0.0330445	0.0190991	0.067053	0.0115233	0.0261884	0.0355993	0.227135	0.0671247	0.0102708	0.00764582
46	E	3.69439	0.0161326	0.0454973	0.0298278	0.265639	0.014693	0.0283437	0.00505837	0.0624259	0.0199629	0.0139417	0.0293124	0.0569872	0.105564	0.0286595	0.113073	0.0296863	0.061142	0.0330349	0.0290192	0.0119984
47	L	3.48709	0.00775131	0.0330534	0.0220025	0.00773074	0.0128934	0.0252235	0.015672	0.0243753	0.0536697	0.316626	0.0683004	0.0256603	0.0473603	0.0107643	0.105094	0.0192839	0.0593364	0.0145653	0.0123687	0.118268
48	K	3.68257	0.147857	0.0428241	0.0449381	0.0101264	0.00701341	0.017679	0.0443461	0.0347758	0.236447	0.0200533	0.113771	0.0619172	0.0141683	0.0375156	0.0178013	0.048848	0.0517044	0.0275613	0.0116527	0.00899959
49	L	3.53382	0.144515	0.00989107	0.00425933	0.00264268	0.012223	0.0162314	0.00771446	0.0243621	0.0090031	0.163536	0.0708897	0.0190017	0.0219868	0.0442434	0.0368327	0.0113917	0.0503944	0.106789	0.0388544	0.205238
50	S	3.6465	0.192195	0.0229517	0.0292246	0.112241	0.00722292	0.178007	0.032734	0.0097306	0.0459588	0.0235106	0.00842814	0.0400848	0.0499552	0.0255918	0.0168204	0.0979202	0.0768643	0.0102564	0.0075689	0.0127345
51	D	3.59377	0.0439774	0.0162438	0.133256	0.0388973	0.011735	0.0778612	0.00460288	0.035739	0.00528588	0.0533756	0.0485991	0.250763	0.0516349	0.0103582	0.0350617	0.0249027	0.120882	0.0241835	0.00538285	0.00725793
52	Y	3.26657	0.0666964	0.00670389	0.021444	0.0292787	0.0335739	0.0516305	0.0197715	0.0154584	0.0362142	0.00995849	0.0290938	0.0243713	0.00302442	0.00584727	0.00932524	0.0903824	0.332009	0.0114338	0.0121324	0.19165
53	E	3.27277	0.0218939	0.0154117	0.0943172	0.292445	0.0208679	0.00471763	0.036207	0.0261921	0.00965771	0.0206532	0.0273506	0.00636286	0.00966817	0.00636402	0.0460001	0.0121041	0.0174756	0.00766299	0.123741	0.200907
54	G	3.61901	0.0928248	0.0298221	0.00786243	0.0576546	0.00841726	0.269188	0.122903	0.0231725	0.0106072	0.00984355	0.0353378	0.0566621	0.0307722	0.0163121	0.018267	0.0856794	0.0656973	0.0151194	0.0209139	0.0229435
55	R	3.5914	0.0179	0.0886357	0.0423467	0.0284925	0.00506275	0.0107379	0.0603089	0.0170872	0.0540982	0.124324	0.0181938	0.0197105	0.0411173	0.0895937	0.281901	0.0253207	0.0226057	0.0333151	0.00866476	0.0105838
56	L	3.72023	0.0247934	0.110052	0.0130192	0.00368463	0.0171054	0.0380738	0.106283	0.0484081	0.0141211	0.136525	0.0855068	0.113453	0.0564944	0.0072404	0.00743057	0.0141166	0.124734	0.065778	0.00472839	0.00845337
57	I	3.2578	0.0139456	0.017573	0.028171	0.00630185	0.00447793	0.100553	0.00453224	0.190123	0.0233314	0.318774	0.0346046	0.00487516	0.0266439	0.0873797	0.0382965	0.0146385	0.0151731	0.0491133	0.0100686	0.0114239
58	Q	3.45979	0.0404744	0.00862088	0.00729681	0.078209	0.0276061	0.012337	0.124417	0.00407292	0.0165168	0.0232183	0.00934718	0.112848	0.0157382	0.287769	0.059138	0.0335259	0.0120046	0.0177232	0.0135387	0.0955986
59	N	3.23615	0.0290873	0.01879	0.0620395	0.0241451	0.0192006	0.064984	0.0546063	0.0116591	0.109308	0.018118	0.0238187	0.41718	0.0191101	0.0100879	0.0375408	0.00706254	0.0219212	0.0231976	0.0170779	0.0110657
60	S	3.48879	0.0277104	0.0861024	0.0180109	0.0245952	0.00496946	0.0675451	0.00605807	0.124788	0.0119693	0.0224722	0.0200884	0.0966322	0.0094115	0.0234108	0.0112376	0.274943	0.113326	0.031507	0.00987351	0.0153497
61	L	3.65854	0.0257278	0.0582431	0.00649721	0.0108671	0.0386313	0.0257712	0.0255445	0.0695495	0.00618802	0.222465	0.0157827	0.052682	0.0271191	0.0188228	0.0106998	0.0981203	0.103264	0.146981	0.00992136	0.0271213
62	T	3.13064	0.0258168	0.0336789	0.00238532	0.00731402	0.0153671	0.0249789	0.0138933	0.00827739	0.00742374	0.0220483	0.0108018	0.28374	0.0377628	0.010701	0.0070061	0.240838	0.16538	0.0364463	0.00641276	0.0397278
63	I	3.48275	0.130654	0.0771737	0.0216639	0.00780732	0.0164366	0.0121099	0.0226062	0.288284	0.0222925	0.0390574	0.0500498	0.00968134	0.0915506	0.0155271	0.0190244	0.010575	0.0238386	0.114516	0.0197349	0.00741678
64	E	3.66348	0.0225585	0.0178282	0.0554797	0.313457	0.0330323	0.0199185	0.0259773	0.0719432	0.0188557	0.0469929	0.0564549	0.0393907	0.061738	0.00881327	0.0430608	0.0183163	0.0438468	0.0103869	0.020307	0.071642
65	R	3.49278	0.0162886	0.0131643	0.027408	0.049864	0.0373342	0.0274282	0.0216725	0.00995331	0.115828	0.0288139	0.0176258	0.0688651	0.0271614	0.0368861	0.340609	0.083582	0.0319557	0.00982424	0.023821	0.0119149
66	M	3.49137	0.0188534	0.0640643	0.0399965	0.0217593	0.154936	0.0706787	0.0169179	0.0551911	0.0181048	0.0131489	0.321494	0.038208	0.0128242	0.032315	0.0136284	0.0190935	0.0179355	0.0142387	0.0366576	0.0199535
67	V	3.66856	0.127473	0.0375239	0.0222559	0.0241035	0.0280459	0.0344275	0.0348016	0.0537761	0.0268703	0.0211923	0.129757	0.032985	0.0156772	0.0266948	0.0216793	0.0307204	0.0179267	0.273811	0.0205946	0.0196843
68	L	3.61065	0.0408724	0.0345296	0.0125362	0.021836	0.0384624	0.0189276	0.155727	0.161738	0.0252491	0.238547	0.0439717	0.0190637	0.0282918	0.0462044	0.0133373	0.0289129	0.0153142	0.0102575	0.0312895	0.0149311
69	S	3.16044	0.0819739	0.0637742	0.00757529	0.0152392	0.0116749	0.0854974	0.0565549	0.0288739	0.00863846	0.0156637	0.00969225	0.0463007	0.0247836	0.0116952	0.00871949	0.419593	0.0684354	0.00959068	0.01554	0.0101836
70	A	3.44095	0.243317	0.0286791	0.11362	0.0197215	0.00924743	0.17595	0.0132262	0.0418893	0.0124065	0.0112697	0.0105503	0.0345825	0.0076932	0.0196792	0.00576429	0.106044	0.0949355	0.0100395	0.00950972	0.0318753
71	F	3.44582	0.0645923	0.0111376	0.0601488	0.00912305	0.200363	0.030768	0.0285926	0.00993546	0.0187926	0.0292517	0.00404593	0.0230134	0.0492378	0.00563594	0.0177887	0.0511411	0.0395332	0.0562652	0.00776298	0.282871
72	D	3.20154	0.0409388	0.0343507	0.411215	0.040042	0.0241664	0.0409142	0.0220619	0.0134419	0.0104772	0.0279786	0.0175846	0.0264016	0.00782977	0.0156367	0.0394141	0.0217792	0.0428776	0.00441387	0.148989	0.00948646
73	E	3.83374	0.0388589	0.0201598	0.0412239	0.0489112	0.11234	0.0353021	0.0269239	0.153495	0.100926	0.0298823	0.0212384	0.0310796	0.00330807	0.0255978	0.0178567	0.0263955	0.0449736	0.147543	0.0733431	0.0006403
74	R	3.44768	0.0406358	0.0141567	0.0147971	0.0353196	0.0330537	0.0173608	0.0210474	0.0107037	0.164879	0.057913	0.0357859	0.0193326	0.0093551	0.0116982	0.327034	0.0662267	0.0168056	0.0327101	0.0545991	0.016586
75	R	3.06403	0.0440796	0.0389625	0.00804437	0.0165148	0.0423066	0.0174024	0.0176297	0.0090364	0.060923	0.00907292	0.024496	0.0386815	0.0106888	0.0128375	0.456995	0.00819826	0.116334	0.0179329	0.033136	0.0167273
76	N	3.35532	0.0424082	0.0504286	0.00514986	0.10463	0.00555996	0.0133847	0.00787122	0.0223783	0.0468754	0.0436327	0.0136457	0.139597	0.00540409	0.168098	0.011782	0.0159617	0.0136777	0.0129724	0.268166	0.00837663
77	K	3.50143	0.0737245	0.0556309	0.00893329	0.0150015	0.00796148	0.0690676	0.0345597	0.118999	0.0297258	0.0406909	0.0745689	0.0161838	0.0119193	0.0409959	0.293618	0.0787115	0.0059184	0.0173296	0.00406216	0.0023976
78	Y	2.80457	0.0189586	0.0289557	0.0242356	0.00732985	0.44915	0.0287079	0.059375	0.0643546	0.0126146	0.00249068	0.0162977	0.0102985	0.00654027	0.00459401	0.0165455	0.00704439	0.00522829	0.0113198	0.0234973	0.202462
79	L	3.2081	0.0269148	0.0730059	0.00808728	0.010557	0.00701526	0.00732565	0.00555976	0.0932006	0.0256968	0.410698	0.0519561	0.00929892	0.0204961	0.0370421	0.0306238	0.0270204	0.0171446	0.0852781	0.0126759	0.0404027
80	E	3.77182	0.0301873	0.0377468	0.051733	0.254915	0.0164711	0.0275024	0.0327057	0.0403338	0.041271	0.0326543	0.0276857	0.0920978	0.00305878	0.0206131	0.0122901	0.0342353	0.113647	0.0682961	0.0253371	0.0372195
81	E	3.63091	0.0114934	0.0448207	0.0301317	0.29514	0.0810405	0.0534292	0.0202407	0.101825	0.0301965	0.0464976	0.00865232	0.0611096	0.0112833	0.00845063	0.0290878	0.041547	0.0256979	0.0690762	0.00852396	0.0217559
82	H	3.70658	0.0205116	0.0971603	0.00201348	0.00787587	0.0793609	0.00412422	0.0864732	0.0093045	0.0503493	0.0289998	0.0936579	0.022772	0.00283368	0.20069	0.0372778	0.0475054	0.025828	0.0175191	0.114079	0.051663
83	P	3.52762	0.0630651	0.0206633	0.00653918	0.0213232	0.00855367	0.0625786	0.020472	0.0357758	0.0101117	0.0110797	0.0225053	0.084344	0.136429	0.303801	0.0339078	0.0311771	0.0359203	0.0611727	0.00947516	0.0211056
84	S	3.533	0.127106	0.168354	0.00660814	0.00837846	0.00448955	0.0763133	0.00382898	0.0422849	0.00288749	0.0910184	0.0315795	0.148935	0.0222936	0.0249424	0.00389899	0.0814635	0.121966	0.0136758	0.010495	0.00948116
85	A	3.77052	0.0988185	0.0548395	0.00287255	0.0181053	0.00354127	0.0253777	0.0269634	0.0284852	0.0151294	0.0290894	0.0174745	0.140293	0.174625	0.0432682	0.0834598	0.0524781	0.111761	0.0317976	0.00933055	0.0322897
86	G	3.12718	0.0294491	0.00986316	0.00172346	0.00872111	0.00556406	0.0876038	0.162115	0.00871868	0.0266586	0.0916341	0.00909844	0.373228	0.05722	0.00973411	0.0258304	0.0342087	0.0234238	0.00650381	0.0140318	0.0146692
87	K	2.49672	0.00760974	0.0112335	0.01248	0.0325918	0.00823349	0.0152793	0.0110828	0.0214587	0.617238	0.00919505	0.0396709	0.0135837	0.0256852	0.0127771	0.0540978	0.0338108	0.0240096	0.0240245	0.011199	0.0147391
88	D	2.78999	0.00325696	0.234204	0.209694	0.0162985	0.0152485	0.0110927	0.0171955	0.0247265	0.00414063	0.0170913	0.017034	0.339545	0.0156137	0.00670099	0.00473216	0.0342172	0.0126201	0.0108268	0.00331006	0.00245161
89	P	3.70753	0.132287	0.128042	0.00746976	0.00876036	0.0909296	0.0527537	0.0209136	0.00839536	0.0143606	0.0350643	0.0155074	0.0148417	0.153869	0.0107237	0.0130748	0.136865	0.0204591	0.0509498	0.0542528	0.0304795
90	K	3.75968	0.0230607	0.02403	0.0129788	0.015207	0.00589073	0.0309227	0.080776	0.0304456	0.117031	0.0333836	0.118534	0.0687992	0.0030547	0.0817531	0.0437351	0.0529967	0.191154	0.0482903	0.0126648	0.00529183
91	K	2.49094	0.00979303	0.0129702	0.00588242	0.0174144	0.0280618	0.0208731	0.00826569	0.0164534	0.538577	0.00804096	0.0281776	0.0198391	0.00489772	0.0122396	0.20077	0.0173737	0.00790389	0.0130402	0.0239066	0.00551901
92	T	3.0572	0.051937	0.0185726	0.00674293	0.00656849	0.0556371	0.103243	0.0458575	0.00677896	0.0154392	0.0234331	0.0156677	0.0674605	0.0196261	0.0195967	0.0146809	0.0383183	0.454759	0.0125026	0.0169811	0.00619701
93	G	2.79005	0.0135399	0.0109604	0.00736822	0.0285269	0.0107923	0.516788	0.00499972	0.0082127	0.0105298	0.0181473	0.0403754	0.0207991	0.0857702	0.0301717	0.00973852	0.0873833	0.0158669	0.00613561	0.0584577	0.0154359
94	G	3.2782	0.00897654	0.0321994	0.0833696	0.031181	0.0140917	0.424507	0.0375755	0.0539218	0.0638239	0.0173601	0.0166601	0.0442	0.0277743	0.0321133	0.0122348	0.0156079	0.0275971	0.00836977	0.0203146	0.0281213
95	P	3.6571	0.15553	0.039483	0.0552842	0.0111199	0.00850484	0.0287032	0.0612919	0.0295912	0.0591501	0.0126836	0.0172362	0.0484181	0.253603	0.0214612	0.0196203	0.0877238	0.0127605	0.0392854	0.029115	0.00943377
96	I	3.48312	0.0273116	0.0089342	0.0513638	0.0203692	0.0322321	0.00860028	0.0198947	0.307739	0.0141348	0.168553	0.0389349	0.0220882	0.0131373	0.0134902	0.0143219	0.0317183	0.0352406	0.0753903	0.0249325	0.0716132
97	Y	3.57763	0.0196877	0.0906479	0.0233871	0.0384807	0.0445102	0.0623159	0.0120987	0.0299458	0.0928081	0.0191669	0.0104168	0.0102115	0.0127672	0.0522219	0.0669675	0.0234252	0.0148596	0.0378435	0.0211156	0.317123
98	K	3.59583	0.0409849	0.0225026	0.00319666	0.0147551	0.0261262	0.0163351	0.0821898	0.0148293	0.299279	0.0779938	0.0249609	0.0606784	0.0168614	0.0903507	0.0871973	0.0204516	0.0425437	0.0218185	0.0212747	0.0156709
99	R	3.59817	0.0363134	0.0264773	0.0139105	0.0235358	0.0140613	0.0735123	0.043947	0.0100764	0.21317	0.0397464	0.0136607	0.0395595	0.00588131	0.0510038	0.241529	0.0201902	0.0183211	0.0485745	0.0298146	0.036715
100	V	3.98913	0.184642	0.0109669	0.0211055	0.0269182	0.0302459	0.0339148	0.0417445	0.0557467	0.0351938	0.0639439	0.0567014	0.0463336	0.0931958	0.0555216	0.0161271	0.0562571	0.0196807	0.0780977	0.0124191	0.0612435
101	D	3.51133	0.0282818	0.0169903	0.315874	0.0674131	0.0061434	0.0356415	0.00892229	0.0124238	0.0213416	0.0721117	0.0122666	0.117915	0.0559002	0.0409507	0.0634892	0.0138394	0.0516536	0.0416684	0.00767024	0.00950327
102	R	3.69762	0.0306915	0.0572334	0.00768146	0.00611978	0.14749	0.101672	0.023583	0.00979365	0.0663417	0.114277	0.0589127	0.00822343	0.00849626	0.010127	0.17793	0.0384955	0.02297	0.00958584	0.0282398	0.0721361
103	K	3.6195	0.115658	0.0164615	0.0125879	0.0257327	0.00649508	0.0412116	0.042471	0.0348768	0.17195	0.0550313	0.0332812	0.0299075	0.0103989	0.0287088	0.0362932	0.0367092	0.0368582	0.245826	0.0135201	0.00602144
104	W	3.05049	0.0110347	0.0134281	0.0411709	0.0100499	0.220467	0.00706365	0.00872874	0.0730333	0.0132129	0.0213519	0.0177221	0.00595068	0.00801214	0.0120113	0.0362319	0.0349468	0.0128121	0.0369253	0.382777	0.0330696
105	M	3.8925	0.020423	0.18885	0.0757651	0.0260663	0.0823305	0.00842869	0.0523662	0.0413953	0.0134625	0.0273725	0.130827	0.0666174	0.0548828	0.0212987	0.0366256	0.0118938	0.0577518	0.03113	0.0216699	0.0308428
106	R	3.11278	0.0459825	0.0545776	0.0227164	0.040549	0.0200025	0.0230051	0.0390749	0.0121397	0.0308166	0.018189	0.0204364	0.0372754	0.0117307	0.0141564	0.480344	0.0210787	0.00954604	0.0124757	0.0346036	0.0513001
107	E	3.29624	0.0150988	0.0287273	0.0769321	0.349533	0.0209681	0.0103151	0.164753	0.00705329	0.0189605	0.0504224	0.0148837	0.0800056	0.00714015	0.0128584	0.0143918	0.0190561	0.0178181	0.0531934	0.0130118	0.024878
108	L	3.61091	0.0194887	0.0271853	0.00794347	0.00836215	0.0249768	0.0809514	0.0561796	0.0150425	0.0187551	0.269764	0.0296983	0.00824693	0.117712	0.108647	0.0254552	0.0418364	0.057214	0.0571936	0.0140185	0.0113288
109	V	3.15783	0.0264306	0.342174	0.0114439	0.00384175	0.0506452	0.011948	0.0253335	0.0771894	0.0575498	0.0323009	0.0267647	0.00623521	0.0225857	0.0220305	0.0170075	0.017223	0.00837519	0.226691	0.00446269	0.00976773
110	L	3.03037	0.00912866	0.0330092	0.00968948	0.0196647	0.0279245	0.0115586	0.0334983	0.107072	0.028978	0.484301	0.0169211	0.0176621	0.0212594	0.0204531	0.016561	0.0128841	0.0274193	0.0489084	0.0273934	0.0257143
111	Y	3.36092	0.0163831	0.00886194	0.00429576	0.118302	0.158466	0.00907628	0.0448882	0.030983	0.00630402	0.0190405	0.299073	0.029793	0.00292366	0.0234723	0.01878	0.0536032	0.0553329	0.0220337	0.00202712	0.0763596
112	D	3.3956	0.0357271	0.0487702	0.240345	0.0444245	0.00958812	0.0342838	0.0448712	0.0225977	0.0129634	0.0431537	0.0228905	0.283255	0.0384368	0.00862717	0.0238238	0.0151903	0.0173265	0.00274415	0.0385009	0.0124805
113	K	2.93598	0.00863711	0.0119654	0.0141792	0.0227309	0.0228634	0.00622667	0.0255765	0.0116656	0.514709	0.0180482	0.0337405	0.026707	0.0121918	0.0573613	0.0386012	0.0621987	0.0335659	0.0126167	0.0467738	0.0196416
114	E	3.68314	0.0520058	0.0178122	0.114307	0.174597	0.0851782	0.0172008	0.0214408	0.0290755	0.125831	0.00769624	0.0232782	0.137815	0.0217143	0.0796203	0.0108552	0.0170702	0.0313642	0.00374162	0.00577245	0.0236242
115	E	3.27233	0.0327296	0.0171021	0.103059	0.405835	0.0956603	0.0200559	0.0159581	0.00928829	0.0367712	0.0143507	0.0486733	0.0206543	0.0145	0.0390088	0.026127	0.0263235	0.0225062	0.00970206	0.00981836	0.0318762
116	I	3.0531	0.00722338	0.163575	0.00744564	0.0126769	0.0181075	0.0227746	0.0154537	0.32156	0.0255171	0.0252044	0.00377081	0.0293497	0.0127901	0.0147617	0.00623694	0.00618577	0.0343581	0.2291	0.0352276	0.00868073
117	R	3.74541	0.0226746	0.125809	0.0239486	0.0186835	0.0251672	0.0130561	0.040314	0.0228131	0.0331971	0.06982	0.0915211	0.0116157	0.00981946	0.0916478	0.223892	0.0433781	0.0256248	0.0780124	0.013539	0.0154659
118	R	3.64111	0.0421111	0.0258495	0.0123866	0.0827845	0.0145431	0.0119766	0.0128826	0.0526285	0.0867278	0.0947219	0.0230988	0.00796095	0.015476	0.0641882	0.282452	0.0109437	0.044051	0.0432554	0.0553268	0.0166348
119	I	3.56259	0.0173481	0.0956487	0.0448725	0.01843	0.0139552	0.0253926	0.024633	0.312506	0.0126258	0.0302982	0.048144	0.033401	0.00922866	0.0486405	0.0128395	0.0206195	0.0515987	0.126914	0.0262882	0.0266162
120	W	3.09267	0.025608	0.0191635	0.0281146	0.0234172	0.0564791	0.0255937	0.0393109	0.0347443	0.018914	0.0257789	0.0342881	0.0882112	0.0156869	0.0125928	0.0107772	0.0242185	0.0109505	0.00840222	0.475658	0.0220911
121	R	3.68281	0.014415	0.109035	0.0186074	0.0045941	0.0136388	0.0176539	0.0240945	0.0282007	0.0110866	0.116658	0.050227	0.0727009	0.00834029	0.00979795	0.190971	0.149367	0.0473319	0.0262805	0.0626031	0.0243975
122	Q	3.74597	0.0141457	0.0262785	0.00189259	0.0235901	0.148733	0.0119125	0.128482	0.0556179	0.0256607	0.0744153	0.0220852	0.0470948	0.0331145	0.106302	0.037699	0.0248638	0.0310788	0.167322	0.011351	0.00836
123	A	3.47041	0.329755	0.15372	0.0150245	0.0332268	0.0156489	0.0396936	0.0177203	0.0319883	0.0106249	0.0169641	0.0203025	0.0206896	0.0241861	0.0197646	0.0340485	0.0850248	0.0470809	0.0405876	0.0360964	0.00785225
124	N	3.44959	0.0180667	0.0272918	0.0070865	0.034777	0.0410384	0.183588	0.0350556	0.0292208	0.0190484	0.0190872	0.0222422	0.325563	0.0409798	0.0323812	0.0164536	0.0389463	0.0116561	0.0187728	0.0611546	0.0175902
125	N	3.83725	0.0276967	0.187744	0.0409296	0.0153402	0.0729285	0.0448959	0.030089	0.0205418	0.00902128	0.0699034	0.0294075	0.156798	0.0177785	0.0908046	0.0225063	0.0684344	0.0224411	0.0202766	0.0232854	0.0291773
126	G	3.67149	0.0626028	0.0526666	0.0163333	0.0541877	0.023144	0.179602	0.00999721	0.0136687	0.0153811	0.214036	0.0335588	0.0768479	0.00426452	0.0565158	0.0174324	0.0864805	0.0263013	0.0253302	0.0217681	0.00988087
127	D	3.95235	0.122096	0.0105338	0.0565069	0.0401119	0.0645461	0.0312304	0.0573688	0.0218836	0.044169	0.133092	0.0329619	0.0320139	0.0045991	0.0527916	0.0298551	0.0350012	0.108295	0.0943702	0.00591562	0.0226571
128	D	3.83052	0.0717624	0.0253595	0.093562	0.0152947	0.00980098	0.0166086	0.0760636	0.0374111	0.0138614	0.0763169	0.0201267	0.183469	0.0865793	0.0233714	0.0301894	0.0409655	0.0810483	0.0863858	0.00226764	0.00955579
129	A	3.75133	0.179517	0.0188268	0.00348976	0.0327797	0.0096405	0.176745	0.00829797	0.0365309	0.0508727	0.0619784	0.0266588	0.0212945	0.0242404	0.0592031	0.0538683	0.0716215	0.072022	0.0737672	0.00561458	0.0130312
130	T	3.75711	0.0187489	0.0459972	0.00767559	0.0228049	0.0156018	0.00852655	0.0789403	0.00384392	0.126081	0.0250795	0.0522168	0.0317565	0.0339854	0.0356144	0.0564103	0.0386997	0.162564	0.174616	0.050492	0.0103452
131	A	3.48605	0.214997	0.0244037	0.00971629	0.025729	0.00595982	0.0244425	0.0572637	0.00922445	0.00546144	0.0100062	0.0776329	0.0679391	0.2009	0.0947674	0.00476798	0.100023	0.0142389	0.0249158	0.0124787	0.0151322
132	G	3.23195	0.0536424	0.0217261	0.018427	0.0238884	0.0134224	0.380812	0.0356617	0.0614435	0.0172495	0.0159834	0.0160019	0.0329231	0.0215564	0.0475265	0.00437439	0.175528	0.0131904	0.010875	0.0167272	0.0190407
133	L	3.28742	0.0468594	0.0177417	0.160681	0.0215709	0.0230881	0.0105183	0.0120713	0.091051	0.0109973	0.355925	0.0620176	0.00655507	0.0171936	0.0254336	0.0221081	0.0117782	0.0167229	0.0570688	0.0105151	0.0201023
134	T	3.22067	0.0429528	0.0529947	0.0474162	0.038194	0.00657691	0.0148405	0.0139372	0.013427	0.00546685	0.011943	0.0437323	0.052719	0.00971065	0.0173723	0.0110354	0.125526	0.393444	0.0780022	0.0122627	0.00844593
135	H	3.1112	0.0314499	0.0382155	0.0102817	0.0165577	0.0759954	0.0123936	0.40428	0.0136517	0.0116106	0.0104457	0.167873	0.0280268	0.0201545	0.0720271	0.00974777	0.0134957	0.0198328	0.0106017	0.0154984	0.0178603
136	M	3.25	0.0114525	0.0980178	0.0113791	0.0101927	0.0334852	0.0136774	0.0146949	0.257953	0.00665629	0.111904	0.197428	0.0121516	0.00708622	0.0173208	0.00900654	0.0157359	0.0101154	0.137146	0.0103688	0.0142272
137	M	3.13727	0.00674036	0.0191146	0.0298735	0.0382146	0.0677027	0.0079928	0.0292658	0.050337	0.0622104	0.038724	0.456846	0.00874814	0.0190413	0.0378436	0.0162808	0.0058778	0.0139029	0.0359676	0.0106883	0.0446273
138	I	3.18018	0.0648129	0.024439	0.0343109	0.00609251	0.0209404	0.0177168	0.0113915	0.405991	0.0367532	0.122106	0.0895101	0.0129824	0.0201742	0.015	0.00497331	0.0153626	0.0217809	0.0161118	0.0535726	0.00597817
139	W	3.23341	0.012234	0.0200114	0.0233528	0.0130099	0.135715	0.0502393	0.0284288	0.0331181	0.0182796	0.0631168	0.0357809	0.0235513	0.0178179	0.0100887	0.015123	0.00723545	0.00806627	0.00627963	0.386784	0.0917677
140	H	3.36896	0.020262	0.0241984	0.0221471	0.116702	0.0159906	0.0200911	0.364105	0.0502373	0.011294	0.0104725	0.0148883	0.0172975	0.0135246	0.0940757	0.00540684	0.0635518	0.0510765	0.0238041	0.0273715	0.0335036
141	S	3.19048	0.019348	0.0374308	0.0224554	0.0436802	0.0304965	0.0410722	0.0172747	0.0287687	0.0200093	0.0155495	0.0210891	0.0211902	0.0304734	0.0166671	0.0152749	0.469112	0.0296761	0.0611303	0.0201745	0.0391274
142	N	3.1778	0.0270264	0.0150426	0.0161217	0.0323165	0.0718639	0.0374063	0.04214	0.0107788	0.0448479	0.01517	0.0349523	0.438076	0.00602255	0.0162176	0.00862357	0.0893327	0.0117807	0.0126776	0.050449	0.0191536
143	L	3.20956	0.0238168	0.123848	0.0106532	0.0111633	0.0149806	0.0152724	0.0494801	0.188574	0.0141452	0.341565	0.0435956	0.0117372	0.0416054	0.0112787	0.00500875	0.00939634	0.0118536	0.0312318	0.0234872	0.0173065
144	N	3.16805	0.0495184	0.040413	0.0199259	0.014795	0.0122067	0.0909389	0.00841515	0.0140985	0.0273032	0.00879345	0.0365449	0.440749	0.0160297	0.0533739	0.00385394	0.0264909	0.0302336	0.0613074	0.0328927	0.0121157
145	D	3.01048	0.0341176	0.0353415	0.483587	0.0541192	0.0153546	0.0224598	0.10889	0.0328628	0.0274872	0.00884798	0.0209631	0.0179546	0.0205137	0.0116206	0.00667658	0.0242316	0.0314898	0.0106977	0.0173433	0.0154415
146	T	3.05602	0.033865	0.0110307	0.0338332	0.00354689	0.00560765	0.0138315	0.0173865	0.00812721	0.0102073	0.0150566	0.0139814	0.236027	0.0117538	0.0176733	0.00435961	0.310147	0.155217	0.0637973	0.00887745	0.0256735
147	T	3.12678	0.0101966	0.0588951	0.0244698	0.0272027	0.020269	0.0155247	0.0541365	0.0520792	0.0190543	0.0215458	0.0194994	0.0296841	0.0134411	0.0501177	0.0157311	0.0165248	0.474602	0.0358123	0.0118296	0.0293838
148	Y	2.84077	0.00808819	0.0126262	0.0220185	0.00923566	0.0309668	0.0115397	0.0190427	0.0637013	0.0139275	0.0132449	0.0280339	0.0173923	0.0597478	0.0256597	0.00804231	0.0286686	0.0391951	0.0356243	0.0164457	0.536799
149	Q	2.85589	0.0133475	0.0344613	0.0107175	0.0146694	0.010517	0.00909978	0.0136528	0.0183481	0.031539	0.0160661	0.0218745	0.00619554	0.0119324	0.495159	0.140491	0.0406035	0.027493	0.0186078	0.0571152	0.00810914
150	R	3.03956	0.0113584	0.0172643	0.0215349	0.0437118	0.014352	0.0156034	0.0179412	0.0140487	0.0287913	0.0946217	0.0247697	0.0133092	0.0461797	0.0244065	0.481017	0.0409283	0.00800488	0.00902063	0.0490222	0.0241144
151	T	2.95402	0.0180756	0.00741476	0.0263335	0.0226695	0.011249	0.0218234	0.0339517	0.00865969	0.0410051	0.0447711	0.0246219	0.0112955	0.0190865	0.00981919	0.0328073	0.121716	0.490501	0.0230502	0.0169126	0.0142365
152	R	2.88233	0.0222359	0.00756296	0.0116244	0.0174831	0.0447107	0.0448145	0.0157782	0.0115485	0.0714591	0.00783461	0.0156801	0.0263146	0.0188884	0.0895732	0.508076	0.0309227	0.00490753	0.0132573	0.0264628	0.010865
153	A	2.8841	0.53829	0.0297938	0.0224536	0.0165229	0.0104423	0.0259294	0.0184314	0.0148062	0.0114161	0.0243744	0.0150184	0.017308	0.0246378	0.0467399	0.0245224	0.0211713	0.0590423	0.0401297	0.0252331	0.013737
154	L	2.80293	0.0105236	0.0495372	0.0141705	0.0222055	0.00812851	0.00565855	0.00629031	0.334143	0.0123117	0.349383	0.0312333	0.0107118	0.00833275	0.00811989	0.0246559	0.0147323	0.0155045	0.0469693	0.0187906	0.00859781
155	V	3.34885	0.0143285	0.0295099	0.0248853	0.00584483	0.0228555	0.0274455	0.0164901	0.0625324	0.0347873	0.0271454	0.00783379	0.0226895	0.00625492	0.0471976	0.0315393	0.16374	0.0883055	0.342162	0.0101983	0.0142542
156	R	2.93319	0.0168656	0.0150262	0.0177159	0.0564362	0.00845063	0.0211381	0.00895376	0.0195258	0.032275	0.00772924	0.0240207	0.0182825	0.0248232	0.00735909	0.51282	0.0680738	0.0433873	0.0504581	0.0241517	0.0225068
157	T	3.35517	0.086282	0.0970051	0.0119324	0.0015455	0.0030804	0.0126382	0.0100439	0.238339	0.0101646	0.0147999	0.0227039	0.0302831	0.00417324	0.0289944	0.00877899	0.128344	0.166353	0.10025	0.0185217	0.00576632
158	G	3.28108	0.0590702	0.0382271	0.0105477	0.0147059	0.00526361	0.363	0.030971	0.0317983	0.00515676	0.0397819	0.123055	0.0813589	0.00821407	0.0213761	0.00570341	0.0874982	0.0416638	0.0117027	0.00610732	0.0147973
159	M	2.99526	0.0226648	0.0269112	0.0451135	0.015927	0.00709045	0.0160719	0.0090339	0.0908395	0.0116948	0.222508	0.383715	0.0239739	0.00657516	0.017608	0.00516705	0.010213	0.00636688	0.0471569	0.0221193	0.00924929
160	D	3.09897	0.010375	0.0485089	0.448334	0.100301	0.0285148	0.0224149	0.0234274	0.0134849	0.0144477	0.0114486	0.0836192	0.0436108	0.0164521	0.0457008	0.0122657	0.00844597	0.0299527	0.0181474	0.0121164	0.00843149
161	P	2.96398	0.406298	0.01915	0.0125561	0.00631121	0.0032317	0.0963062	0.00446339	0.0106874	0.0263643	0.00879345	0.0129212	0.0129507	0.162426	0.0305554	0.0366015	0.102127	0.0220341	0.0161321	0.0067151	0.00337511
162	R	2.94024	0.0654161	0.0115948	0.0150321	0.0436245	0.0207834	0.0264852	0.00730201	0.0283794	0.0566844	0.0166952	0.0233471	0.0125445	0.0295022	0.016678	0.516037	0.027097	0.00835661	0.0159199	0.0198096	0.0387104
163	M	3.54887	0.0119226	0.107669	0.00948523	0.013285	0.0511568	0.0123845	0.0151311	0.120636	0.00676016	0.0681234	0.172556	0.00522727	0.00105407	0.026951	0.00244462	0.0231661	0.112245	0.148591	0.0770767	0.0141338
164	C	3.2126	0.32762	0.16367	0.0105265	0.003038	0.00436402	0.01653	0.0117796	0.0541322	0.031458	0.00820184	0.0110695	0.094437	0.0166143	0.0108591	0.00909289	0.0960391	0.014208	0.0895687	0.015167	0.0116243
165	S	3.3082	0.154959	0.0716351	0.0244473	0.00463261	0.0128426	0.0679026	0.0092979	0.019353	0.00169015	0.0162179	0.0264439	0.0532208	0.0685501	0.0185251	0.00411394	0.305856	0.114371	0.00792649	0.00457679	0.0134374
166	L	3.00007	0.0252949	0.00953483	0.0375787	0.0395962	0.0143124	0.00708283	0.0145573	0.0126803	0.00868896	0.30057	0.113194	0.0171986	0.00578837	0.294085	0.00265304	0.0439631	0.0293278	0.00689377	0.0130663	0.00393338
167	M	3.41493	0.0191849	0.0426307	0.0153907	0.0138981	0.0143519	0.0852639	0.0374645	0.0406919	0.00702789	0.0884185	0.372845	0.0268125	0.0179083	0.0362249	0.0121882	0.0481263	0.0322649	0.0123155	0.0602167	0.0167752
168	Q	3.42435	0.172984	0.0240391	0.0121868	0.0103003	0.0354746	0.0100176	0.0113954	0.0402176	0.0180995	0.02167	0.0361311	0.0362984	0.0724615	0.321448	0.0380507	0.0680393	0.0127348	0.0351408	0.00939441	0.0139155
169	G	3.26075	0.0658965	0.019668	0.00743816	0.157063	0.021235	0.364929	0.0801151	0.0196969	0.0683655	0.0192833	0.0120326	0.047018	0.0148114	0.0117214	0.00863806	0.0170279	0.0188494	0.0216846	0.0128466	0.0116797
170	S	2.79607	0.0395774	0.0162611	0.0139921	0.0227429	0.0562362	0.0361888	0.0412899	0.0197047	0.0257531	0.0156836	0.0104842	0.0216489	0.0146192	0.0204371	0.0256697	0.556061	0.010962	0.0168414	0.0291911	0.00665492
171	T	3.11922	0.00909313	0.146257	0.121383	0.0284939	0.019873	0.0379034	0.0113067	0.0236728	0.00748319	0.0168448	0.0886565	0.0317068	0.00746614	0.0199655	0.00708336	0.00576191	0.379422	0.0183607	0.00879639	0.0104687
172	L	3.17919	0.0520289	0.0490722	0.00722814	0.0215113	0.0350901	0.00591265	0.00946016	0.203414	0.00779363	0.30347	0.0125652	0.0262255	0.0128937	0.16373	0.0103221	0.0195602	0.0203203	0.0260185	0.00603703	0.00734669
173	P	3.35992	0.0566715	0.0322038	0.00848637	0.0260247	0.0212371	0.0342932	0.0855812	0.00779564	0.0154708	0.0214876	0.00962156	0.0270859	0.375795	0.097815	0.0224555	0.0728793	0.0381414	0.0272063	0.00886467	0.0108837
174	R	2.60368	0.00774531	0.00994926	0.0406708	0.0280839	0.0118469	0.039827	0.0125696	0.0133293	0.0352646	0.0108729	0.0423128	0.0417204	0.0200623	0.0197117	0.592099	0.00867558	0.0101101	0.0109566	0.0349744	0.00921805
175	R	3.03691	0.0140989	0.00991184	0.0161299	0.0243864	0.0198834	0.0150419	0.0136076	0.0143426	0.255486	0.0176954	0.0141122	0.0417528	0.0235389	0.0127066	0.38235	0.0331644	0.0178144	0.0200333	0.0299891	0.0239543
176	S	2.83287	0.294959	0.0225306	0.00873399	0.0108192	0.0213344	0.140367	0.0218163	0.0177054	0.0108231	0.0104531	0.00795498	0.00726219	0.0113461	0.00796289	0.00488454	0.333864	0.0354672	0.0109147	0.0112493	0.00955247
177	G	2.59326	0.0155323	0.0104177	0.00718044	0.0483578	0.089629	0.568787	0.0256248	0.0180304	0.0117486	0.0166849	0.0239403	0.0132562	0.00449069	0.00932504	0.0215747	0.00573891	0.0136515	0.0722453	0.0158821	0.00790229
178	A	3.58177	0.294887	0.0205378	0.0275769	0.0145348	0.00923332	0.0318518	0.0216786	0.0195154	0.0443775	0.0293325	0.0118842	0.108461	0.0741917	0.0364878	0.0300266	0.0163046	0.0656292	0.0164922	0.0118095	0.115188
179	A	2.7786	0.553494	0.024755	0.0149615	0.0359639	0.00703413	0.047579	0.0125666	0.00943417	0.0221904	0.0491924	0.0270786	0.0305654	0.0145674	0.0154645	0.0151187	0.043097	0.00917119	0.0442008	0.0162298	0.00733585
180	G	2.64648	0.0374319	0.0105042	0.0351465	0.0394182	0.0627157	0.584439	0.0110031	0.0160426	0.0265314	0.0141082	0.026252	0.0107643	0.0134132	0.0276294	0.0203316	0.0110859	0.0084283	0.0133694	0.0176102	0.0137754
181	A	3.63988	0.190909	0.0604595	0.0239236	0.0108985	0.0210909	0.0715953	0.0663648	0.00398076	0.0298142	0.0719961	0.206543	0.0141431	0.00332168	0.0522661	0.0252617	0.0744426	0.018451	0.0118603	0.0300709	0.0126067
182	A	3.38484	0.372661	0.0268864	0.0129813	0.00588056	0.0430953	0.0701297	0.091004	0.0157655	0.0066466	0.0198573	0.00818124	0.0363861	0.019972	0.031132	0.0098459	0.0553512	0.0526299	0.0334112	0.0172205	0.070962
183	V	3.12255	0.0490928	0.0305757	0.0345553	0.00799823	0.00875472	0.0218963	0.00699094	0.190505	0.0212471	0.0229849	0.0308878	0.0144862	0.0162365	0.017119	0.0167974	0.0226082	0.0560593	0.398754	0.00374702	0.0287031
184	K	2.82814	0.0412497	0.0224605	0.00622571	0.0111619	0.0232301	0.0150392	0.0597146	0.0136843	0.540528	0.0297292	0.01661	0.0192889	0.0365365	0.027619	0.0418325	0.011662	0.00693056	0.0120576	0.0503947	0.0140448
185	G	2.94924	0.0458076	0.0242884	0.0332752	0.0879395	0.0217618	0.498712	0.0620862	0.00728776	0.00722715	0.0126177	0.029545	0.0322175	0.0104668	0.028878	0.0200289	0.021644	0.00999509	0.00994193	0.00708257	0.029197
186	V	3.53413	0.0138645	0.0432242	0.00603136	0.0114233	0.158491	0.00398575	0.152462	0.0762508	0.0161085	0.0960372	0.0136651	0.0387189	0.0296389	0.0660128	0.00690335	0.00780906	0.0229643	0.197586	0.00296233	0.0358607
187	G	3.218	0.0964588	0.0416763	0.0253451	0.0134038	0.0166213	0.405504	0.00868347	0.0862042	0.00992524	0.0159426	0.0342334	0.00871898	0.0654487	0.0175798	0.00446759	0.0670972	0.018328	0.0371523	0.0175538	0.00965531
