Log likelihood: -4382.9
Branch lengths optimized: 167
Model parameters optimized: 5
R_AG: 2.38484
R_AT: 0.574169
R_CA: 0.901271
R_CG: 0.903176
beta: 0.0941672
