Log likelihood: -2024.29
Branch lengths optimized: 69
Model parameters optimized: 5
R_AG: 5.03085
R_AT: 1.96739
R_CA: 0.706795
R_CG: 1.50723
beta: 0.327303
