Log likelihood: -4019.94
Branch lengths optimized: 167
Model parameters optimized: 5
R_AG: 2.21798
R_AT: 0.535311
R_CA: 0.819366
R_CG: 0.756134
beta: 1.60506
