Log likelihood: -1742.42
Branch lengths optimized: 69
Model parameters optimized: 5
R_AG: 4.17655
R_AT: 1.57868
R_CA: 0.541382
R_CG: 1.22515
beta: 2.23069
