#SITE	WT_AA	SITE_ENTROPY	PI_A	PI_C	PI_D	PI_E	PI_F	PI_G	PI_H	PI_I	PI_K	PI_L	PI_M	PI_N	PI_P	PI_Q	PI_R	PI_S	PI_T	PI_V	PI_W	PI_Y
2	na	3.702813	0.057297	0.030136	0.002645	0.011918	0.070513	0.023443	0.010684	0.081029	0.035510	0.203737	0.010800	0.030322	0.028835	0.030813	0.056277	0.081590	0.166964	0.048931	0.002695	0.015863
3	na	3.267067	0.087612	0.018994	0.019764	0.005144	0.045217	0.006330	0.008128	0.018813	0.003512	0.378223	0.028782	0.049298	0.010917	0.019099	0.012797	0.105134	0.024926	0.088044	0.017273	0.051995
4	na	3.910120	0.118036	0.050128	0.003454	0.015732	0.028359	0.044005	0.026670	0.049079	0.040006	0.099630	0.006549	0.011864	0.079721	0.034200	0.147617	0.077144	0.068626	0.066170	0.014754	0.018255
5	na	3.248258	0.188066	0.004983	0.017953	0.017688	0.127003	0.006963	0.031802	0.087450	0.049557	0.308076	0.005758	0.013767	0.014720	0.008188	0.014436	0.036733	0.012268	0.017846	0.006002	0.030739
6	na	3.450401	0.032194	0.014481	0.002959	0.002939	0.080842	0.009683	0.078717	0.128333	0.007735	0.231056	0.023346	0.003408	0.014250	0.076441	0.008517	0.163295	0.028313	0.013411	0.066943	0.013137
7	na	3.460406	0.040042	0.037738	0.003098	0.014272	0.037446	0.015353	0.003744	0.100440	0.032879	0.251963	0.029705	0.017403	0.002407	0.012934	0.168103	0.009321	0.052502	0.128015	0.014918	0.027718
8	na	3.059808	0.045232	0.016858	0.003731	0.004415	0.105096	0.026889	0.005351	0.046450	0.005716	0.414277	0.007292	0.004489	0.016485	0.019161	0.047628	0.131500	0.047533	0.025013	0.011750	0.015133
9	na	3.353042	0.008114	0.051599	0.004574	0.002337	0.048347	0.236429	0.001867	0.053669	0.006280	0.261415	0.054586	0.016580	0.019188	0.009982	0.046317	0.024415	0.006152	0.052727	0.034588	0.060832
10	na	3.509283	0.109786	0.062092	0.004426	0.001874	0.147618	0.008123	0.007459	0.081507	0.096362	0.051411	0.006585	0.009947	0.008782	0.012364	0.043948	0.231013	0.037508	0.028750	0.004277	0.046167
11	na	3.547431	0.097289	0.026714	0.007665	0.004495	0.060360	0.014981	0.007158	0.079711	0.007800	0.210318	0.007209	0.023689	0.025657	0.006213	0.027331	0.120214	0.084926	0.154469	0.017535	0.016264
12	na	3.235046	0.026831	0.067784	0.009442	0.002500	0.034462	0.182780	0.004928	0.025564	0.005082	0.154210	0.012829	0.002399	0.011607	0.008769	0.059453	0.259642	0.006062	0.105020	0.014128	0.006507
13	na	3.495175	0.098439	0.015679	0.012755	0.101070	0.023617	0.040625	0.019035	0.073361	0.008489	0.019633	0.004166	0.008204	0.019939	0.038399	0.070646	0.191917	0.008778	0.223921	0.004153	0.017176
14	na	3.709484	0.241403	0.055556	0.006405	0.064167	0.031211	0.016188	0.025823	0.021074	0.016931	0.147920	0.016141	0.060533	0.032823	0.056595	0.022775	0.090655	0.041260	0.018800	0.010728	0.023013
15	na	3.348158	0.060799	0.081705	0.010443	0.017731	0.004047	0.008698	0.005634	0.227272	0.005726	0.011884	0.033150	0.009220	0.138685	0.003848	0.008016	0.073304	0.164335	0.117461	0.009169	0.008873
16	na	3.796810	0.137675	0.016915	0.096961	0.040653	0.007518	0.010934	0.045281	0.018307	0.086463	0.098577	0.040131	0.004113	0.003516	0.017176	0.115369	0.114518	0.038472	0.073675	0.015308	0.018436
17	na	2.894879	0.486058	0.012441	0.039381	0.006966	0.009806	0.095180	0.025927	0.032151	0.022660	0.020709	0.007893	0.019303	0.011991	0.019140	0.015683	0.113418	0.015104	0.031021	0.010883	0.004282
18	na	3.321536	0.039084	0.012862	0.287191	0.043773	0.006652	0.214280	0.011566	0.008008	0.021526	0.014263	0.008047	0.036246	0.016985	0.018006	0.089218	0.020404	0.011687	0.102518	0.010994	0.026690
19	na	3.170890	0.000715	0.000810	0.002322	0.022501	0.004208	0.004592	0.017473	0.059168	0.034403	0.345808	0.006088	0.048143	0.001157	0.110073	0.082800	0.104358	0.072763	0.059275	0.000605	0.022737
20	na	3.031836	0.018025	0.002259	0.021691	0.025380	0.008366	0.013515	0.004358	0.375831	0.147004	0.164225	0.019130	0.017939	0.008931	0.042383	0.013384	0.055993	0.003825	0.038962	0.001538	0.017262
21	na	3.193742	0.021522	0.358527	0.175309	0.004657	0.010799	0.005369	0.008469	0.004675	0.033015	0.069272	0.009856	0.010329	0.051009	0.014077	0.028120	0.059577	0.018695	0.074687	0.035187	0.006849
22	na	3.008018	0.029938	0.006867	0.066748	0.006124	0.008361	0.005447	0.011366	0.279542	0.009706	0.262353	0.004147	0.026716	0.001939	0.003921	0.015009	0.023951	0.019731	0.146882	0.001989	0.069263
23	na	2.250510	0.019897	0.008085	0.007704	0.005602	0.003285	0.420051	0.008469	0.006444	0.003632	0.019580	0.003019	0.006622	0.047673	0.004941	0.023087	0.381125	0.005545	0.014289	0.004440	0.006511
24	na	3.361659	0.014592	0.025705	0.009955	0.019848	0.059967	0.003866	0.012775	0.036133	0.027215	0.028873	0.017279	0.004115	0.005913	0.070411	0.019665	0.021560	0.211786	0.102267	0.026268	0.281809
25	na	3.352744	0.113369	0.009105	0.002347	0.002465	0.003168	0.013435	0.137258	0.056764	0.070893	0.271239	0.011088	0.001879	0.012243	0.026739	0.005428	0.079508	0.082898	0.067890	0.003137	0.029149
26	na	2.797213	0.321185	0.063243	0.001462	0.002467	0.004208	0.004316	0.003985	0.005805	0.003841	0.010505	0.005218	0.032239	0.009319	0.010953	0.006141	0.094148	0.024454	0.261713	0.002113	0.132686
27	na	3.174702	0.065709	0.008282	0.013310	0.005896	0.062747	0.029906	0.021373	0.049146	0.046850	0.026431	0.003554	0.388401	0.014401	0.007603	0.152384	0.047657	0.030735	0.007415	0.007229	0.010969
28	na	2.850399	0.328222	0.005987	0.088288	0.007595	0.009906	0.036290	0.006712	0.004443	0.019198	0.029071	0.003999	0.322644	0.010501	0.009213	0.012051	0.042865	0.020868	0.010900	0.018843	0.012403
29	na	2.584489	0.111928	0.023020	0.002026	0.041229	0.004603	0.028892	0.018838	0.006643	0.024224	0.009990	0.002447	0.017188	0.002285	0.014619	0.014142	0.524647	0.124187	0.019899	0.002208	0.006986
30	na	2.850651	0.006808	0.001998	0.005151	0.016195	0.005087	0.023271	0.054072	0.011643	0.012805	0.020004	0.009580	0.107470	0.038229	0.011907	0.021987	0.108890	0.461803	0.003757	0.076700	0.002643
31	na	3.491868	0.030144	0.008343	0.252036	0.058597	0.013096	0.031106	0.058043	0.014234	0.036750	0.016871	0.001616	0.027703	0.008734	0.140754	0.018696	0.011582	0.106964	0.137543	0.009226	0.017961
32	na	3.049568	0.032057	0.011041	0.002100	0.161186	0.002661	0.039320	0.011466	0.005327	0.009565	0.122004	0.008234	0.010952	0.016287	0.009585	0.074860	0.094949	0.354847	0.025730	0.004262	0.003567
33	na	2.820019	0.015299	0.007320	0.079033	0.003492	0.003924	0.017017	0.002271	0.122088	0.054619	0.209416	0.003300	0.001865	0.002461	0.009279	0.020474	0.071626	0.005951	0.364976	0.000640	0.004950
34	na	3.407130	0.013744	0.005748	0.363403	0.048304	0.033420	0.066828	0.011093	0.012493	0.006818	0.047135	0.015286	0.046448	0.071342	0.009740	0.050639	0.019278	0.046041	0.087345	0.007746	0.037150
35	na	2.265354	0.023005	0.003655	0.005324	0.005319	0.008777	0.014198	0.011617	0.015248	0.007920	0.018522	0.006157	0.021535	0.007164	0.022620	0.014831	0.232774	0.556413	0.013382	0.001950	0.009590
36	na	3.354225	0.055462	0.042943	0.002413	0.006291	0.040866	0.029889	0.002754	0.348327	0.014060	0.047738	0.077184	0.011707	0.046795	0.021500	0.026907	0.035949	0.136635	0.010557	0.003892	0.038131
37	na	2.933178	0.025313	0.031119	0.044533	0.008243	0.017226	0.005370	0.001554	0.018405	0.002444	0.138422	0.002581	0.005329	0.009430	0.012204	0.117446	0.345821	0.190759	0.003272	0.003659	0.016871
38	na	3.301533	0.111924	0.005002	0.019999	0.306108	0.005966	0.047160	0.025750	0.024615	0.010692	0.009191	0.003231	0.035089	0.006054	0.030153	0.123701	0.158235	0.023509	0.022173	0.020439	0.011009
39	na	2.609994	0.015784	0.013497	0.004331	0.014744	0.004202	0.134809	0.019171	0.005683	0.153412	0.017353	0.008120	0.013541	0.016254	0.005733	0.492564	0.011437	0.047956	0.009034	0.003271	0.009105
40	na	3.368020	0.049205	0.012420	0.017673	0.029225	0.007231	0.073645	0.019278	0.010440	0.076093	0.019089	0.009262	0.327384	0.030600	0.017053	0.118128	0.123127	0.011357	0.033573	0.006716	0.008502
41	na	2.854875	0.021191	0.032361	0.009060	0.012562	0.012553	0.023469	0.012045	0.146037	0.014329	0.037225	0.014014	0.036473	0.006800	0.033299	0.017942	0.011692	0.033967	0.498155	0.018037	0.008789
42	na	3.356248	0.129129	0.098682	0.012293	0.000547	0.055761	0.052306	0.009027	0.005869	0.033092	0.008616	0.004003	0.005459	0.182260	0.008793	0.115834	0.000217	0.046175	0.206167	0.013413	0.012356
43	na	3.484067	0.120483	0.023341	0.021288	0.028383	0.012855	0.036596	0.060741	0.091480	0.028692	0.000733	0.018893	0.029445	0.030190	0.023841	0.030348	0.031001	0.034706	0.340073	0.012454	0.024458
44	na	2.531529	0.017628	0.004394	0.032005	0.010897	0.027758	0.013951	0.009921	0.007658	0.035062	0.068566	0.006108	0.021210	0.000535	0.010474	0.022312	0.031180	0.584922	0.075929	0.007717	0.011773
45	na	3.173235	0.089197	0.008728	0.026231	0.017421	0.069841	0.029797	0.231482	0.005847	0.003828	0.053409	0.027178	0.017241	0.005156	0.037105	0.017142	0.318744	0.009149	0.006852	0.009282	0.016370
46	na	2.593063	0.038545	0.009289	0.009166	0.006555	0.038555	0.008948	0.051571	0.011770	0.023425	0.107593	0.002760	0.024693	0.013037	0.007388	0.008103	0.559775	0.018962	0.015120	0.042172	0.002573
47	na	3.381102	0.019436	0.008455	0.003260	0.009057	0.070242	0.025894	0.012815	0.113397	0.036962	0.121932	0.017282	0.003585	0.006515	0.036022	0.068342	0.010382	0.034763	0.306302	0.007447	0.087910
48	na	3.296075	0.004502	0.006042	0.050233	0.064858	0.017523	0.006363	0.005649	0.007363	0.029766	0.018086	0.008231	0.281062	0.048735	0.014509	0.062917	0.178989	0.151912	0.016119	0.015191	0.011950
49	na	1.962854	0.005690	0.012744	0.005106	0.013317	0.011498	0.009194	0.009679	0.041502	0.004727	0.712821	0.002813	0.005537	0.053043	0.021053	0.025683	0.023929	0.013669	0.012328	0.004459	0.011206
50	na	1.965664	0.025238	0.010512	0.062969	0.005755	0.005775	0.020211	0.004882	0.004760	0.009973	0.702461	0.002814	0.002427	0.021062	0.009610	0.016431	0.054999	0.008364	0.017771	0.004024	0.009962
51	na	3.103649	0.220505	0.013856	0.031481	0.111777	0.025775	0.005959	0.006413	0.019507	0.005587	0.096388	0.001695	0.004370	0.002289	0.007220	0.039850	0.017606	0.059893	0.304354	0.002687	0.022786
52	na	3.572120	0.137667	0.009512	0.126984	0.018467	0.004372	0.059462	0.035058	0.022018	0.012545	0.074593	0.006847	0.067704	0.011170	0.006142	0.009792	0.172497	0.139854	0.070389	0.007236	0.007690
53	na	3.662692	0.153237	0.001348	0.002787	0.114886	0.035512	0.116872	0.045221	0.006129	0.035462	0.062869	0.008553	0.027732	0.001715	0.048126	0.070880	0.138201	0.027245	0.087365	0.004429	0.011430
54	na	3.504504	0.062916	0.009479	0.008556	0.009734	0.003076	0.014735	0.204815	0.043177	0.014116	0.013397	0.024915	0.002897	0.073548	0.038793	0.100785	0.046625	0.206879	0.028804	0.004167	0.088587
55	na	3.289853	0.008419	0.006325	0.033327	0.021419	0.148371	0.043975	0.008619	0.016033	0.028760	0.014821	0.010580	0.241454	0.013862	0.026009	0.023838	0.238751	0.083764	0.021600	0.005889	0.004186
56	na	3.032343	0.034118	0.005395	0.027582	0.027419	0.011222	0.446564	0.017002	0.097621	0.006919	0.009316	0.077019	0.022851	0.010893	0.009272	0.077734	0.042194	0.052732	0.014811	0.003677	0.005660
57	na	3.439122	0.126127	0.010851	0.010173	0.002400	0.196369	0.040953	0.027831	0.007762	0.126480	0.100513	0.017477	0.019751	0.006427	0.017131	0.173134	0.008916	0.008035	0.076373	0.017324	0.005975
58	na	2.342427	0.006400	0.012848	0.002941	0.016283	0.015711	0.007081	0.011102	0.063147	0.008312	0.633734	0.009153	0.024493	0.026168	0.011971	0.069198	0.021433	0.011235	0.009690	0.015337	0.023764
59	na	3.270004	0.020225	0.403354	0.011966	0.049397	0.012058	0.030281	0.009348	0.046066	0.009707	0.050955	0.022534	0.029488	0.011498	0.114585	0.016766	0.018972	0.017094	0.044623	0.011945	0.069137
60	na	3.360020	0.056278	0.004698	0.015590	0.012654	0.026004	0.007674	0.058596	0.005231	0.071945	0.084534	0.006797	0.072662	0.001735	0.019593	0.300160	0.153220	0.042177	0.004077	0.005607	0.050768
61	na	2.440060	0.006826	0.005174	0.004061	0.015190	0.007723	0.011076	0.002588	0.214184	0.005968	0.469852	0.013144	0.011752	0.014078	0.003079	0.014910	0.008424	0.005493	0.153305	0.001707	0.031467
62	na	3.507378	0.053540	0.001359	0.047626	0.051932	0.011011	0.091275	0.211848	0.003262	0.098731	0.020825	0.004299	0.131129	0.003504	0.054689	0.128247	0.025853	0.003578	0.003627	0.005647	0.048019
63	na	2.933066	0.013166	0.008649	0.041213	0.014541	0.009265	0.446842	0.133268	0.005925	0.021792	0.012554	0.005679	0.052438	0.007587	0.020236	0.051302	0.103567	0.028465	0.009895	0.004658	0.008958
64	na	3.459163	0.022353	0.012983	0.014914	0.015797	0.014251	0.025679	0.020516	0.139929	0.045893	0.090121	0.014270	0.050063	0.002078	0.057027	0.258742	0.018816	0.042441	0.148786	0.001877	0.003463
65	na	3.916305	0.151966	0.003933	0.018223	0.101667	0.021633	0.073545	0.059400	0.011236	0.068852	0.060669	0.029912	0.054005	0.054867	0.040366	0.104096	0.064471	0.047421	0.017745	0.003092	0.012903
66	na	2.401698	0.179998	0.014056	0.011686	0.007801	0.007911	0.053099	0.021781	0.016717	0.010666	0.011586	0.010267	0.008386	0.565397	0.003429	0.015564	0.019857	0.008056	0.015218	0.006974	0.011549
67	na	2.304781	0.005100	0.011179	0.005381	0.005946	0.010473	0.004556	0.027218	0.049706	0.008810	0.641638	0.009997	0.014140	0.016244	0.007872	0.020232	0.028130	0.036346	0.068095	0.010911	0.018025
68	na	3.886119	0.042754	0.003362	0.061712	0.037770	0.027331	0.032568	0.005399	0.076978	0.012849	0.144997	0.052524	0.008816	0.036056	0.050809	0.147710	0.071764	0.058228	0.088706	0.012851	0.026816
69	na	2.079873	0.005194	0.002704	0.015155	0.006301	0.004917	0.054042	0.005292	0.048803	0.003106	0.646786	0.006680	0.007156	0.006054	0.002700	0.110024	0.042908	0.006741	0.015717	0.005758	0.003963
70	na	3.491085	0.021051	0.005689	0.034195	0.027912	0.030034	0.207711	0.051035	0.003859	0.030902	0.119517	0.011963	0.024362	0.031218	0.061432	0.230489	0.058782	0.030367	0.009096	0.001002	0.009386
71	na	3.162282	0.024546	0.005519	0.002652	0.006050	0.001610	0.137359	0.002700	0.049635	0.044077	0.046163	0.007761	0.017680	0.158670	0.030247	0.056347	0.077567	0.319340	0.004156	0.005365	0.002555
72	na	3.067288	0.042866	0.467985	0.007531	0.010502	0.026946	0.017382	0.011071	0.031004	0.023120	0.031310	0.082066	0.008644	0.018019	0.020366	0.046158	0.023542	0.019332	0.083851	0.008114	0.020191
73	na	3.135548	0.034902	0.021504	0.055324	0.029381	0.002857	0.072783	0.022722	0.003314	0.016834	0.006634	0.018836	0.125022	0.008433	0.023673	0.035237	0.370992	0.137678	0.007154	0.002123	0.004597
74	na	2.775074	0.007837	0.007866	0.001305	0.001258	0.059080	0.008940	0.006455	0.224657	0.001929	0.263457	0.020230	0.003116	0.112384	0.008462	0.008056	0.003738	0.017581	0.237757	0.003035	0.002857
75	na	3.369374	0.023412	0.038748	0.001430	0.005842	0.006321	0.023688	0.009486	0.156109	0.018267	0.148429	0.008356	0.018854	0.041381	0.010051	0.042736	0.056311	0.182244	0.197757	0.000731	0.009849
76	na	2.165717	0.122073	0.009196	0.011789	0.016710	0.004826	0.644383	0.004529	0.005539	0.018312	0.032153	0.010004	0.008187	0.008734	0.006266	0.009789	0.036291	0.008843	0.029628	0.007112	0.005636
77	na	3.416639	0.019103	0.039083	0.016073	0.020334	0.019647	0.045978	0.024484	0.060326	0.011904	0.070273	0.011585	0.018049	0.011942	0.011450	0.031856	0.060500	0.031904	0.082289	0.380789	0.032433
78	na	2.035173	0.016911	0.001975	0.003530	0.005636	0.010143	0.012369	0.004186	0.003687	0.003645	0.558074	0.019325	0.004682	0.009237	0.002939	0.006574	0.256755	0.006747	0.069046	0.002104	0.002435
79	na	2.383699	0.029879	0.004865	0.004831	0.005674	0.004777	0.004584	0.003103	0.072502	0.002307	0.582212	0.005173	0.019878	0.104522	0.003594	0.059876	0.010710	0.031560	0.033398	0.004800	0.011755
80	na	1.636022	0.049616	0.006009	0.002632	0.007208	0.006364	0.774306	0.004498	0.005003	0.006089	0.012259	0.004763	0.008940	0.018088	0.015020	0.008167	0.022741	0.012646	0.020945	0.006595	0.008112
81	na	3.067539	0.039143	0.010305	0.011457	0.009840	0.003059	0.017421	0.138369	0.024924	0.029063	0.043893	0.002864	0.359061	0.001987	0.014066	0.022333	0.178353	0.058991	0.024546	0.005395	0.004929
82	na	2.342741	0.018029	0.005525	0.016742	0.023721	0.005873	0.015549	0.122247	0.009177	0.012243	0.033139	0.006858	0.008698	0.611358	0.004616	0.035159	0.022225	0.027859	0.011808	0.002340	0.006836
83	na	3.647870	0.203543	0.010581	0.030655	0.113546	0.018399	0.128437	0.010202	0.020065	0.006775	0.111545	0.022562	0.063615	0.001718	0.021884	0.018231	0.086688	0.036999	0.039616	0.003142	0.051796
84	na	2.613240	0.014157	0.546749	0.012543	0.010211	0.019692	0.010432	0.004484	0.007716	0.012692	0.007067	0.008754	0.023784	0.025200	0.012781	0.126412	0.049404	0.014267	0.067415	0.019246	0.006993
85	na	3.201646	0.032216	0.017482	0.331682	0.186943	0.010373	0.031482	0.015349	0.007856	0.003521	0.073512	0.006175	0.008708	0.021717	0.048534	0.013721	0.036874	0.117063	0.012683	0.002704	0.021405
86	na	3.966145	0.083900	0.012679	0.101546	0.057060	0.024504	0.040893	0.037546	0.079149	0.012748	0.111891	0.005582	0.020644	0.037584	0.040500	0.068419	0.121143	0.032209	0.067991	0.003223	0.040789
87	na	2.224080	0.023098	0.010219	0.024450	0.003810	0.001873	0.008754	0.014377	0.082959	0.002958	0.648588	0.010957	0.003352	0.018665	0.012992	0.031681	0.026204	0.037660	0.028081	0.002591	0.006731
88	na	3.443078	0.039578	0.003154	0.005407	0.074406	0.013893	0.038256	0.013684	0.110626	0.043465	0.327738	0.069609	0.006216	0.008268	0.028865	0.010938	0.067982	0.037213	0.030024	0.062959	0.007717
89	na	3.663494	0.047293	0.000325	0.025612	0.024576	0.081450	0.065824	0.023740	0.086578	0.022430	0.262079	0.008322	0.031737	0.079399	0.005055	0.048791	0.070278	0.038961	0.026880	0.000221	0.050447
90	na	3.871752	0.102267	0.011205	0.033931	0.031895	0.042520	0.053278	0.029905	0.087589	0.047335	0.115491	0.019523	0.018304	0.032234	0.014383	0.023164	0.096378	0.175393	0.039461	0.004227	0.021516
91	na	3.733759	0.036534	0.006969	0.009932	0.059028	0.025465	0.025280	0.065833	0.055577	0.011225	0.103168	0.011249	0.075768	0.009194	0.032764	0.228714	0.051582	0.037980	0.106837	0.002838	0.044060
92	na	3.966467	0.018704	0.003841	0.029342	0.032486	0.041831	0.069540	0.056518	0.070608	0.030586	0.083648	0.061727	0.010767	0.061523	0.043717	0.043272	0.171119	0.084292	0.028866	0.003978	0.053633
93	na	3.385078	0.007310	0.160964	0.103615	0.009740	0.206192	0.034282	0.011192	0.007470	0.028123	0.126485	0.007906	0.019071	0.024064	0.006725	0.011186	0.028667	0.013215	0.015059	0.171885	0.006847
94	na	1.838802	0.041092	0.013348	0.014153	0.010025	0.008650	0.108628	0.005737	0.006947	0.002632	0.005927	0.002382	0.003390	0.009487	0.014567	0.008130	0.709857	0.006506	0.008514	0.011973	0.008054
95	na	2.576788	0.015994	0.006932	0.016589	0.005386	0.014287	0.034461	0.017479	0.005409	0.020996	0.041348	0.004752	0.006053	0.022800	0.027864	0.061884	0.053908	0.038777	0.013725	0.005957	0.585401
96	na	2.662867	0.006627	0.020020	0.002696	0.005693	0.015068	0.009023	0.008757	0.407865	0.004542	0.159902	0.006660	0.004715	0.010490	0.008397	0.016490	0.052104	0.024186	0.223614	0.009103	0.004048
97	na	2.383986	0.037779	0.012597	0.009166	0.005944	0.004938	0.011868	0.015543	0.284033	0.005012	0.046085	0.005233	0.007880	0.009913	0.011274	0.004669	0.011095	0.021071	0.483879	0.004579	0.007441
98	na	3.280669	0.014814	0.007249	0.015915	0.336748	0.041220	0.046982	0.007407	0.158313	0.007072	0.055300	0.007533	0.006859	0.006332	0.077765	0.019570	0.053645	0.042065	0.079447	0.004687	0.011075
99	na	3.585950	0.146366	0.004412	0.062638	0.065738	0.005959	0.041732	0.025462	0.006523	0.010764	0.084889	0.002113	0.003482	0.028337	0.172625	0.107434	0.089010	0.100974	0.033433	0.001803	0.006304
100	na	3.787266	0.142158	0.001548	0.012235	0.039365	0.026386	0.126004	0.050819	0.063246	0.022497	0.094432	0.003500	0.020449	0.138027	0.025280	0.089802	0.022377	0.022955	0.062317	0.006853	0.029750
101	na	3.542141	0.042801	0.012231	0.158644	0.006628	0.105665	0.142911	0.009270	0.008408	0.016051	0.158215	0.005649	0.075537	0.011540	0.010663	0.095542	0.082847	0.032142	0.008725	0.004206	0.012324
102	na	3.175804	0.085648	0.017322	0.002352	0.008874	0.004782	0.179499	0.004578	0.006755	0.001786	0.005230	0.004039	0.007654	0.083964	0.122407	0.018046	0.238970	0.109171	0.093375	0.004826	0.000723
103	na	3.789994	0.042781	0.002440	0.004264	0.101749	0.010573	0.053453	0.037287	0.152091	0.011895	0.103481	0.019402	0.058385	0.114096	0.021498	0.037230	0.091338	0.027780	0.087716	0.002756	0.019786
104	na	3.779809	0.056296	0.020486	0.003123	0.161798	0.090258	0.017449	0.141969	0.010416	0.030446	0.102518	0.007344	0.061329	0.002676	0.057210	0.029591	0.087559	0.025503	0.044376	0.012739	0.036915
105	na	2.608321	0.067539	0.013954	0.019966	0.016885	0.004057	0.555232	0.014250	0.004901	0.048169	0.011691	0.008005	0.008917	0.023570	0.005283	0.028954	0.111230	0.013983	0.012124	0.010982	0.020310
106	na	3.019274	0.175577	0.020212	0.003078	0.053755	0.010696	0.012744	0.006198	0.010736	0.001398	0.214954	0.002269	0.011519	0.221648	0.005614	0.003598	0.074206	0.016337	0.153582	0.000976	0.000904
107	na	2.532066	0.043076	0.606546	0.006840	0.006446	0.013456	0.011199	0.012592	0.022570	0.020969	0.018974	0.041092	0.007298	0.012672	0.007505	0.033708	0.047723	0.024004	0.008481	0.021541	0.033306
108	na	2.912829	0.050235	0.006856	0.006980	0.011261	0.041948	0.032998	0.012517	0.047010	0.010158	0.042014	0.014682	0.027565	0.016269	0.006084	0.032725	0.034110	0.034547	0.048215	0.007236	0.516591
109	na	2.048365	0.021418	0.004815	0.003283	0.008071	0.003074	0.004682	0.011190	0.003597	0.007532	0.074895	0.003195	0.003995	0.653562	0.003358	0.024477	0.023687	0.011943	0.111486	0.016408	0.005330
110	na	2.045296	0.019603	0.022703	0.008345	0.025905	0.015080	0.710465	0.004677	0.007874	0.008986	0.006333	0.014280	0.007099	0.020872	0.008328	0.019939	0.029934	0.016955	0.028174	0.009629	0.014820
111	na	3.684779	0.166490	0.005793	0.085179	0.065652	0.005804	0.091393	0.010173	0.048223	0.019837	0.109442	0.012432	0.007599	0.133361	0.005061	0.051201	0.055454	0.085804	0.016527	0.001884	0.022693
112	na	2.246789	0.003726	0.005161	0.003469	0.002299	0.036329	0.004287	0.013230	0.113184	0.002569	0.604914	0.032306	0.005143	0.003246	0.003237	0.005182	0.015396	0.070834	0.043223	0.030109	0.002156
113	na	3.454270	0.180073	0.006589	0.022500	0.006009	0.039688	0.007246	0.052542	0.063629	0.029977	0.095605	0.014722	0.017799	0.001489	0.052350	0.043496	0.229780	0.118484	0.007059	0.001120	0.009845
114	na	3.436032	0.214358	0.007143	0.157416	0.046794	0.020274	0.032012	0.062059	0.002214	0.005205	0.102306	0.010125	0.064498	0.011021	0.039848	0.014876	0.169971	0.010649	0.004350	0.010469	0.014415
115	na	3.384121	0.067325	0.002750	0.004845	0.006668	0.013497	0.031719	0.010829	0.140589	0.004506	0.158866	0.007433	0.015246	0.035141	0.036272	0.021370	0.244636	0.066944	0.019218	0.002625	0.109523
116	na	3.280699	0.133992	0.010995	0.005494	0.273238	0.017988	0.081331	0.009163	0.005342	0.007124	0.019835	0.010068	0.004390	0.165240	0.104783	0.012521	0.073114	0.010307	0.019167	0.008138	0.027769
117	na	2.933984	0.036884	0.006018	0.031573	0.484198	0.010257	0.043551	0.006779	0.028526	0.047135	0.012172	0.015964	0.018830	0.034974	0.016134	0.017919	0.021199	0.130270	0.010124	0.020832	0.006663
118	na	1.600114	0.013350	0.004995	0.010940	0.003195	0.016894	0.007646	0.002835	0.054337	0.006203	0.779839	0.011243	0.003776	0.011650	0.013402	0.012673	0.006352	0.011411	0.016970	0.004009	0.008280
119	na	2.713795	0.014918	0.007727	0.003076	0.007642	0.025887	0.007548	0.048306	0.045841	0.033982	0.027551	0.001475	0.008137	0.009602	0.007135	0.542325	0.022166	0.062401	0.039764	0.013781	0.070737
120	na	3.116924	0.036729	0.014399	0.021735	0.438685	0.017409	0.014405	0.012693	0.011731	0.081099	0.024690	0.016979	0.030919	0.006190	0.015853	0.081146	0.103476	0.018352	0.015844	0.012813	0.024854
121	na	3.304063	0.027885	0.010635	0.013870	0.009655	0.012903	0.007614	0.083688	0.010058	0.009353	0.058028	0.004824	0.023010	0.005573	0.291319	0.201378	0.091161	0.073171	0.023229	0.013758	0.028885
122	na	1.875783	0.011910	0.003074	0.005027	0.004262	0.009717	0.002698	0.007498	0.213144	0.006344	0.634201	0.007372	0.002890	0.004491	0.007960	0.007372	0.013756	0.011459	0.039167	0.004019	0.003637
123	na	3.290946	0.083705	0.028229	0.003916	0.035429	0.038805	0.263113	0.012318	0.007315	0.015252	0.026353	0.005621	0.026876	0.005991	0.032130	0.028671	0.230036	0.119753	0.028649	0.001891	0.005947
124	na	3.467736	0.134062	0.007223	0.031697	0.067108	0.015960	0.119270	0.015037	0.055366	0.004007	0.039119	0.018142	0.007273	0.006220	0.018838	0.099731	0.271794	0.020016	0.029902	0.001648	0.037590
125	na	2.995211	0.130395	0.022976	0.001463	0.002215	0.013034	0.011702	0.003758	0.274157	0.002327	0.089024	0.014263	0.006071	0.002127	0.003619	0.001327	0.095410	0.125620	0.190673	0.004985	0.004856
126	na	3.509211	0.034428	0.003116	0.041652	0.019645	0.023217	0.015607	0.011770	0.104991	0.015396	0.221762	0.004264	0.015968	0.003332	0.023990	0.122013	0.132911	0.127429	0.041290	0.002840	0.034380
127	na	3.616367	0.060743	0.003928	0.068247	0.049379	0.043003	0.084646	0.002629	0.009916	0.066495	0.022467	0.004920	0.012051	0.005131	0.104466	0.110450	0.228632	0.030428	0.065799	0.001832	0.024840
128	na	3.199214	0.198783	0.005932	0.002582	0.002857	0.052459	0.019085	0.017666	0.050314	0.010588	0.317155	0.020645	0.001008	0.002252	0.013494	0.005019	0.070723	0.064784	0.081378	0.041599	0.021678
129	na	3.539866	0.024854	0.005188	0.063136	0.274258	0.008161	0.010435	0.055176	0.020856	0.009278	0.045344	0.041414	0.031173	0.024271	0.009378	0.032292	0.151604	0.105921	0.044935	0.003573	0.038752
130	na	1.889208	0.011708	0.009213	0.006350	0.010031	0.006217	0.011365	0.011131	0.015122	0.053074	0.019374	0.007738	0.006034	0.041267	0.007728	0.728748	0.010816	0.020710	0.013409	0.003802	0.006161
131	na	3.294386	0.028781	0.012377	0.022123	0.021763	0.373599	0.056636	0.013057	0.115775	0.014482	0.033887	0.008992	0.012345	0.010852	0.011746	0.019542	0.013582	0.032114	0.081880	0.016614	0.099854
132	na	3.389623	0.019776	0.020027	0.042715	0.254112	0.007799	0.008451	0.008056	0.028332	0.011365	0.047576	0.008057	0.039723	0.236072	0.036202	0.030381	0.066222	0.020034	0.099674	0.008374	0.007051
133	na	2.910310	0.045074	0.015104	0.010246	0.006236	0.041972	0.014397	0.007759	0.290559	0.010270	0.362643	0.036973	0.022536	0.009605	0.005167	0.019914	0.011679	0.013906	0.050160	0.009066	0.016734
134	na	2.964700	0.049243	0.017751	0.013336	0.014178	0.478672	0.008086	0.011987	0.019843	0.030333	0.034869	0.084313	0.009097	0.007298	0.009414	0.023866	0.023179	0.019240	0.019593	0.017369	0.108334
135	na	3.470910	0.020443	0.005127	0.203562	0.056265	0.004943	0.012906	0.006490	0.008367	0.097171	0.014561	0.001616	0.041501	0.193765	0.038188	0.085520	0.118211	0.042666	0.025888	0.002044	0.020764
136	na	3.898066	0.064069	0.014957	0.036806	0.019027	0.105991	0.060794	0.008203	0.010408	0.071078	0.126272	0.003549	0.005382	0.050198	0.033626	0.066905	0.098462	0.085533	0.079980	0.006958	0.051804
137	na	3.580407	0.204266	0.001496	0.052713	0.132383	0.011229	0.065870	0.020838	0.014524	0.002056	0.081576	0.017594	0.090016	0.019090	0.011949	0.008868	0.118434	0.073512	0.058284	0.000930	0.014371
138	na	3.508958	0.030136	0.000179	0.004952	0.051193	0.010746	0.195143	0.011293	0.065010	0.008609	0.150119	0.021402	0.181174	0.014854	0.013686	0.052013	0.096794	0.021844	0.047374	0.011853	0.011627
139	na	3.265268	0.301868	0.007848	0.003923	0.003953	0.022756	0.057924	0.024902	0.021530	0.013883	0.018658	0.013521	0.015074	0.000560	0.052835	0.016386	0.168604	0.145352	0.070257	0.034565	0.005601
140	na	3.164742	0.028118	0.019355	0.005981	0.011891	0.258681	0.040079	0.031415	0.014373	0.004249	0.067705	0.022938	0.004280	0.006769	0.011050	0.010829	0.011437	0.028047	0.045502	0.309702	0.067602
141	na	3.538383	0.030570	0.035723	0.009611	0.045299	0.003330	0.054614	0.005599	0.030742	0.007107	0.067158	0.013915	0.019383	0.269742	0.101906	0.107698	0.113451	0.032076	0.037551	0.003252	0.011273
142	na	2.958771	0.014976	0.022249	0.012082	0.025162	0.006075	0.047551	0.019332	0.025690	0.012611	0.025744	0.003638	0.505220	0.058090	0.043285	0.040442	0.064609	0.017547	0.029145	0.011139	0.015412
143	na	3.320815	0.026363	0.003777	0.004213	0.006137	0.032873	0.004353	0.157811	0.021141	0.003322	0.039722	0.004524	0.035840	0.003048	0.027785	0.027385	0.176179	0.184342	0.048104	0.008246	0.184836
144	na	2.682735	0.025124	0.004912	0.032100	0.010957	0.005279	0.223128	0.009187	0.005704	0.119292	0.030352	0.005094	0.003669	0.007074	0.010042	0.009846	0.065672	0.419750	0.004101	0.002348	0.006371
145	na	3.708265	0.122657	0.030771	0.127066	0.208634	0.089216	0.033065	0.016446	0.028782	0.005670	0.023334	0.011649	0.038690	0.010009	0.018452	0.023159	0.105335	0.032251	0.038189	0.024212	0.012413
146	na	3.904217	0.125362	0.011863	0.045036	0.038622	0.053109	0.105622	0.034609	0.014339	0.012236	0.020430	0.009162	0.061963	0.035830	0.145270	0.048240	0.047306	0.034046	0.041233	0.005614	0.110108
147	na	3.198597	0.060544	0.007970	0.010656	0.021522	0.013962	0.444067	0.032557	0.057102	0.039221	0.029515	0.003763	0.027739	0.034815	0.031253	0.058910	0.045511	0.030841	0.034029	0.005111	0.010909
148	na	3.374826	0.049360	0.002307	0.015722	0.009213	0.007754	0.009970	0.022535	0.138854	0.052244	0.007501	0.011186	0.020354	0.011144	0.011772	0.163941	0.143909	0.153084	0.159786	0.000779	0.008582
149	na	1.188331	0.001715	0.007266	0.001926	0.002335	0.000895	0.002663	0.002909	0.005557	0.006913	0.003012	0.002602	0.005030	0.004587	0.003968	0.007861	0.794622	0.137898	0.002540	0.001926	0.003776
150	na	3.190719	0.227698	0.007530	0.007276	0.009773	0.078399	0.008347	0.013076	0.014125	0.007639	0.108785	0.005672	0.010448	0.002615	0.116599	0.013851	0.266606	0.012832	0.025184	0.036719	0.026827
151	na	2.566554	0.175461	0.011895	0.002793	0.004613	0.006846	0.016644	0.017790	0.007560	0.005875	0.224563	0.002382	0.011995	0.005117	0.004264	0.014968	0.412431	0.052426	0.015271	0.001555	0.005552
152	na	3.174943	0.015440	0.403919	0.019485	0.007026	0.018198	0.044578	0.009214	0.009215	0.032331	0.074000	0.005246	0.009154	0.023541	0.020277	0.040415	0.142545	0.028081	0.018033	0.014749	0.064551
153	na	3.704455	0.038244	0.001416	0.012737	0.044253	0.004618	0.105986	0.002080	0.062792	0.020079	0.117610	0.003814	0.064542	0.116857	0.064855	0.105046	0.070599	0.114602	0.047136	0.001262	0.001469
154	na	3.449242	0.216234	0.022420	0.019340	0.019998	0.004690	0.009470	0.034394	0.055148	0.018396	0.026205	0.001968	0.002114	0.013913	0.035443	0.112899	0.105678	0.213457	0.054337	0.006498	0.027396
155	na	3.671563	0.051118	0.003210	0.005616	0.047699	0.008893	0.025737	0.053427	0.035181	0.010163	0.215192	0.010483	0.027336	0.001889	0.048495	0.116261	0.071382	0.070744	0.095968	0.006847	0.094360
156	na	3.604178	0.133276	0.013749	0.130259	0.073483	0.012459	0.157825	0.010508	0.007886	0.054193	0.013736	0.019254	0.031836	0.007362	0.049819	0.056292	0.162971	0.046233	0.007709	0.008890	0.002259
157	na	3.578445	0.050072	0.006117	0.012585	0.078025	0.005773	0.081678	0.021076	0.064655	0.040679	0.052435	0.029525	0.004269	0.009392	0.011405	0.055796	0.125316	0.270567	0.044788	0.003747	0.032099
158	na	3.219776	0.048983	0.002426	0.002720	0.004511	0.004634	0.002860	0.020553	0.017623	0.054838	0.269967	0.011702	0.008664	0.107455	0.014849	0.027897	0.132651	0.196568	0.016572	0.003902	0.050627
159	na	3.282759	0.115962	0.006364	0.048064	0.101696	0.005318	0.232548	0.057727	0.003884	0.036039	0.015655	0.004005	0.011375	0.004553	0.068786	0.013208	0.215146	0.048097	0.007599	0.001387	0.002587
160	na	2.747138	0.059121	0.017866	0.008204	0.007748	0.559558	0.012133	0.031332	0.015387	0.009354	0.026927	0.017166	0.010910	0.029495	0.006840	0.027294	0.048788	0.033945	0.027033	0.013134	0.037764
161	na	2.902202	0.009880	0.006868	0.012267	0.040216	0.280918	0.009476	0.012792	0.020379	0.005410	0.026607	0.004434	0.014562	0.018486	0.023624	0.011469	0.035273	0.057696	0.016061	0.017939	0.375644
162	na	2.537269	0.017011	0.013883	0.005685	0.013614	0.004898	0.016746	0.054997	0.005756	0.093136	0.004872	0.002418	0.005069	0.009011	0.016745	0.520012	0.159708	0.031292	0.009215	0.003632	0.012301
163	na	2.403001	0.009434	0.020480	0.013335	0.010851	0.007532	0.012526	0.051274	0.007493	0.011950	0.009576	0.004806	0.605043	0.015938	0.017202	0.008260	0.078938	0.083567	0.011792	0.008602	0.011403
164	na	2.147508	0.003549	0.015045	0.003964	0.004435	0.025515	0.011984	0.001557	0.167728	0.004606	0.604194	0.030824	0.004476	0.009297	0.003579	0.007776	0.034115	0.004446	0.055490	0.004354	0.003067
165	na	2.924906	0.074519	0.007599	0.006405	0.009426	0.077822	0.039445	0.013662	0.026552	0.010609	0.332521	0.003329	0.018171	0.002083	0.005539	0.020503	0.030321	0.006152	0.284933	0.003317	0.027092
166	na	3.239719	0.017763	0.030563	0.015328	0.014104	0.025744	0.039339	0.010093	0.015664	0.008913	0.041001	0.023161	0.010730	0.030764	0.011351	0.212799	0.078324	0.039255	0.017711	0.346600	0.010794
167	na	2.165577	0.011586	0.009950	0.002633	0.002415	0.001436	0.002416	0.002521	0.167005	0.001536	0.433843	0.000655	0.005615	0.012080	0.002697	0.006973	0.003763	0.029089	0.296378	0.002402	0.005004
168	na	3.059733	0.008839	0.014936	0.011759	0.009647	0.009546	0.065782	0.012584	0.021904	0.006388	0.202112	0.009083	0.005730	0.002466	0.047789	0.027179	0.109215	0.353120	0.018747	0.003232	0.059943
169	na	3.621335	0.074384	0.018803	0.001299	0.053079	0.008445	0.112883	0.021111	0.022251	0.048463	0.061359	0.008769	0.009309	0.004094	0.054005	0.183054	0.112611	0.101568	0.101258	0.001773	0.001483
170	na	3.827734	0.084849	0.010622	0.035872	0.041003	0.029281	0.042159	0.031818	0.040750	0.078677	0.055577	0.023369	0.022908	0.005463	0.021292	0.235964	0.077079	0.056192	0.028923	0.005958	0.072244
171	na	3.464487	0.068778	0.004339	0.033961	0.014050	0.032140	0.107416	0.007373	0.009780	0.007195	0.167959	0.014942	0.103671	0.003971	0.079536	0.008344	0.226161	0.066241	0.018970	0.002099	0.023075
172	na	3.571213	0.064800	0.006021	0.106076	0.219922	0.004230	0.023723	0.016341	0.082801	0.003426	0.033866	0.009456	0.032358	0.092311	0.025153	0.009918	0.123073	0.076174	0.064997	0.002393	0.002962
173	na	3.725319	0.043543	0.001278	0.072619	0.089805	0.048153	0.030987	0.008297	0.033332	0.001784	0.048351	0.005969	0.051326	0.011434	0.010817	0.031102	0.127709	0.136217	0.176459	0.026341	0.044477
174	na	2.947122	0.012607	0.024274	0.027337	0.022657	0.078123	0.013174	0.019375	0.029377	0.008480	0.029012	0.020176	0.022376	0.006566	0.009708	0.014883	0.021821	0.031741	0.012404	0.102457	0.493452
175	na	3.826988	0.071081	0.004659	0.042992	0.048602	0.016744	0.101550	0.024882	0.037288	0.061062	0.065054	0.033632	0.025443	0.048486	0.003510	0.114113	0.207041	0.019444	0.029196	0.011897	0.033323
176	na	3.857560	0.050175	0.006011	0.013422	0.011748	0.036717	0.032298	0.072507	0.061200	0.048472	0.183358	0.020917	0.006730	0.064167	0.032712	0.038026	0.107781	0.110620	0.063496	0.006762	0.032883
177	na	2.827068	0.187455	0.006586	0.001402	0.003117	0.024792	0.006096	0.004919	0.089412	0.001059	0.202605	0.000700	0.002592	0.001320	0.003132	0.008780	0.056138	0.080233	0.302796	0.002113	0.014753
178	na	3.478593	0.161769	0.007958	0.016161	0.020212	0.023099	0.031160	0.029044	0.025887	0.016001	0.176959	0.003969	0.008954	0.003402	0.003295	0.027286	0.172273	0.131271	0.089681	0.012018	0.039598
179	na	3.211394	0.088513	0.005849	0.008363	0.004130	0.053313	0.063934	0.004136	0.022286	0.005271	0.028607	0.009980	0.043618	0.018294	0.045422	0.024716	0.362507	0.094242	0.112532	0.001053	0.003235
180	na	3.762908	0.088394	0.008707	0.014836	0.062769	0.038050	0.056915	0.009602	0.034700	0.020726	0.048387	0.015143	0.055174	0.007859	0.038307	0.030888	0.229472	0.097465	0.106450	0.023021	0.013133
181	na	2.943960	0.017449	0.006246	0.022467	0.008845	0.159144	0.009048	0.021843	0.012709	0.013836	0.017046	0.015162	0.008984	0.080009	0.008480	0.009267	0.013528	0.014498	0.015348	0.132533	0.413557
182	na	3.877258	0.081035	0.039441	0.024006	0.012617	0.024446	0.016154	0.019857	0.077430	0.015379	0.083648	0.022449	0.038039	0.009799	0.027224	0.072430	0.044966	0.177288	0.139635	0.045500	0.028658
183	na	2.542337	0.009198	0.103512	0.016846	0.021950	0.026843	0.021515	0.013126	0.010810	0.039110	0.010426	0.006684	0.589677	0.020866	0.008565	0.019888	0.013169	0.029488	0.015683	0.010264	0.012381
184	na	3.420648	0.020530	0.001869	0.054539	0.013216	0.008197	0.032256	0.007686	0.020742	0.055328	0.123060	0.009456	0.032033	0.002228	0.045476	0.034277	0.293329	0.095254	0.118597	0.001876	0.030052
185	na	3.555844	0.070986	0.006570	0.001976	0.022443	0.076716	0.026498	0.012990	0.054596	0.103597	0.187920	0.013224	0.019348	0.011438	0.076535	0.143258	0.021512	0.008446	0.135459	0.001067	0.005419
186	na	3.363980	0.067283	0.002522	0.050218	0.051546	0.002116	0.173858	0.014524	0.002716	0.048828	0.111700	0.007071	0.009293	0.012267	0.007472	0.192134	0.131922	0.104333	0.006363	0.001319	0.002516
187	na	3.515631	0.034420	0.017899	0.003846	0.016742	0.004778	0.019935	0.009155	0.089283	0.078978	0.118706	0.008330	0.087001	0.000876	0.047862	0.238475	0.087321	0.071244	0.060691	0.000861	0.003598
188	na	3.683805	0.034290	0.007926	0.101242	0.092962	0.052274	0.015542	0.014167	0.012875	0.011276	0.099990	0.011394	0.012587	0.215337	0.019361	0.038839	0.104177	0.071847	0.064526	0.011179	0.008210
189	na	2.305815	0.028924	0.009179	0.004982	0.004141	0.007707	0.018869	0.004311	0.138402	0.002566	0.137096	0.011068	0.003155	0.005076	0.004474	0.014396	0.018406	0.024803	0.556452	0.002665	0.003327
190	na	1.511013	0.047173	0.004710	0.005505	0.011856	0.013379	0.004044	0.005895	0.015516	0.003072	0.792696	0.004552	0.006060	0.008161	0.013773	0.005554	0.010301	0.008636	0.032448	0.003626	0.003043
191	na	2.322679	0.023536	0.020272	0.002181	0.002349	0.005539	0.002871	0.006238	0.217703	0.001276	0.320076	0.005193	0.001491	0.003233	0.004701	0.018797	0.004238	0.005814	0.343205	0.003078	0.008209
192	na	2.384350	0.024211	0.003892	0.001633	0.002653	0.028263	0.007087	0.004445	0.163615	0.001648	0.517308	0.028966	0.002104	0.010553	0.002514	0.014763	0.009550	0.016267	0.144504	0.004082	0.011944
193	na	3.127294	0.011920	0.005244	0.006841	0.016064	0.253148	0.010050	0.014456	0.006150	0.044351	0.018453	0.013188	0.005104	0.015141	0.011672	0.020631	0.050201	0.011028	0.084616	0.293844	0.107899
194	na	1.859389	0.334644	0.007116	0.010223	0.004425	0.005277	0.539864	0.002070	0.002836	0.003574	0.007556	0.001954	0.004666	0.013892	0.011413	0.003414	0.024570	0.003658	0.012812	0.002905	0.003132
195	na	2.402045	0.041049	0.008354	0.006632	0.003008	0.031013	0.017926	0.001725	0.175025	0.001524	0.182078	0.003406	0.002770	0.009413	0.003374	0.002797	0.008085	0.012305	0.476149	0.009477	0.003891
196	na	2.421384	0.022208	0.008245	0.020325	0.007591	0.014981	0.013385	0.592607	0.010929	0.006056	0.019040	0.003731	0.021442	0.013363	0.034422	0.140534	0.019396	0.019671	0.008478	0.012364	0.011233
197	na	3.819894	0.124674	0.008638	0.133373	0.016107	0.060926	0.023957	0.091439	0.058536	0.003545	0.033273	0.027813	0.062673	0.001887	0.090315	0.019034	0.119081	0.021641	0.045260	0.004205	0.053619
198	na	2.662255	0.033340	0.021904	0.012445	0.017236	0.011001	0.020757	0.040668	0.018243	0.007732	0.012957	0.009673	0.012955	0.561413	0.002002	0.028559	0.036198	0.017183	0.103040	0.011514	0.021181
199	na	2.882150	0.021536	0.011036	0.012244	0.052917	0.185768	0.017393	0.020185	0.010835	0.014643	0.017987	0.009710	0.008068	0.062945	0.018440	0.025870	0.454711	0.014685	0.025711	0.013161	0.002157
200	na	2.964777	0.023415	0.014010	0.008193	0.010230	0.012092	0.175072	0.017205	0.016246	0.048165	0.028960	0.008400	0.030109	0.020145	0.009082	0.023791	0.441981	0.071865	0.023578	0.008338	0.009123
201	na	3.522912	0.158639	0.005066	0.044405	0.014350	0.009464	0.044556	0.076234	0.036584	0.010333	0.262154	0.008103	0.007656	0.017987	0.047879	0.052676	0.105678	0.042962	0.025429	0.001385	0.028458
202	na	3.463656	0.054461	0.003313	0.116423	0.290945	0.018240	0.029407	0.029950	0.102393	0.011478	0.047631	0.008516	0.026488	0.011259	0.016320	0.015420	0.099372	0.028010	0.080040	0.001732	0.008602
203	na	3.166824	0.074138	0.020012	0.017076	0.385075	0.004993	0.013251	0.021409	0.033120	0.022671	0.055399	0.011349	0.007533	0.003065	0.013145	0.149680	0.031281	0.091649	0.018375	0.017166	0.009614
204	na	2.457192	0.140795	0.004806	0.006195	0.055756	0.008080	0.005903	0.049614	0.005402	0.007948	0.021051	0.012214	0.010232	0.010666	0.567896	0.010980	0.027674	0.023804	0.020478	0.004587	0.005918
