#SITE	WT_AA	SITE_ENTROPY	PI_A	PI_C	PI_D	PI_E	PI_F	PI_G	PI_H	PI_I	PI_K	PI_L	PI_M	PI_N	PI_P	PI_Q	PI_R	PI_S	PI_T	PI_V	PI_W	PI_Y
2	na	3.140922	0.000934	0.003222	0.004384	0.011630	0.128421	0.004084	0.014632	0.025983	0.026068	0.252491	0.019592	0.049112	0.014257	0.034849	0.044740	0.065677	0.272683	0.021371	0.002735	0.003136
3	na	3.416987	0.110317	0.039212	0.048862	0.010041	0.022628	0.005332	0.022578	0.035907	0.002565	0.296386	0.090471	0.004635	0.012091	0.014182	0.004928	0.083046	0.022433	0.018557	0.027402	0.128427
4	na	3.547919	0.275374	0.054369	0.000705	0.038123	0.073066	0.076349	0.000384	0.010390	0.032302	0.081018	0.001322	0.019579	0.033447	0.035884	0.082470	0.076236	0.045420	0.055620	0.006828	0.001114
5	na	3.171417	0.084116	0.007662	0.006372	0.043345	0.044419	0.006971	0.027249	0.060797	0.139499	0.388761	0.001747	0.024549	0.010944	0.015158	0.002967	0.049176	0.024797	0.037249	0.009570	0.014651
6	na	2.769017	0.007387	0.019650	0.000966	0.000530	0.128913	0.010078	0.293131	0.007011	0.000446	0.139380	0.055717	0.008145	0.010186	0.274080	0.010809	0.006879	0.006518	0.004053	0.001854	0.014265
7	na	2.710136	0.005522	0.003497	0.001480	0.001505	0.021706	0.005340	0.000454	0.085853	0.097963	0.076902	0.073451	0.014030	0.000191	0.003624	0.475756	0.013041	0.024007	0.067074	0.000993	0.027613
8	na	2.660215	0.023210	0.019183	0.005416	0.001138	0.347739	0.054761	0.000311	0.014247	0.000808	0.327724	0.001718	0.007075	0.003925	0.048967	0.001599	0.012322	0.024026	0.065721	0.038567	0.001544
9	na	2.562493	0.005272	0.005321	0.000540	0.001164	0.080643	0.485934	0.002627	0.054082	0.006031	0.177739	0.004878	0.001237	0.025644	0.020339	0.040570	0.040331	0.004483	0.037668	0.000101	0.005397
10	na	2.198389	0.004851	0.066020	0.004179	0.000256	0.473530	0.000085	0.001553	0.022049	0.000116	0.021492	0.004259	0.001432	0.000780	0.003936	0.029761	0.304739	0.030931	0.011169	0.000336	0.018530
11	na	3.386956	0.132203	0.060344	0.014560	0.010668	0.010057	0.014175	0.014040	0.037930	0.002740	0.092596	0.000796	0.054146	0.002869	0.013175	0.037882	0.193941	0.076383	0.215776	0.000299	0.015419
12	na	2.481420	0.013517	0.003615	0.025690	0.002851	0.041401	0.025437	0.001514	0.001797	0.002480	0.047537	0.000834	0.002723	0.003621	0.003926	0.079765	0.436841	0.004703	0.266906	0.034415	0.000428
13	na	2.698822	0.003344	0.011899	0.001977	0.007048	0.002916	0.091470	0.008397	0.109330	0.017552	0.020616	0.001059	0.001292	0.008963	0.034856	0.049238	0.417046	0.001370	0.198802	0.005069	0.007755
14	na	3.259805	0.099470	0.008253	0.002750	0.074249	0.036040	0.017869	0.025625	0.008850	0.003472	0.323529	0.013558	0.060821	0.003507	0.126766	0.007708	0.119688	0.013796	0.017840	0.005843	0.030366
15	na	3.229173	0.014155	0.061009	0.026246	0.049614	0.007077	0.011033	0.014433	0.058922	0.007096	0.004968	0.102754	0.002725	0.007982	0.002657	0.013423	0.119235	0.187425	0.284619	0.021018	0.003609
16	na	3.283894	0.043483	0.013912	0.120648	0.049634	0.002847	0.004537	0.041469	0.016151	0.085679	0.336973	0.115026	0.008003	0.003784	0.012404	0.027409	0.059316	0.013631	0.003128	0.033867	0.008099
17	na	2.338474	0.622895	0.017097	0.013932	0.009658	0.015112	0.024785	0.020418	0.079754	0.010342	0.005274	0.011374	0.042291	0.007009	0.007261	0.009243	0.010232	0.006524	0.071145	0.010777	0.004877
18	na	2.587639	0.057047	0.001879	0.144176	0.069770	0.002317	0.389904	0.003195	0.003647	0.042541	0.001760	0.003021	0.005067	0.007176	0.002581	0.007419	0.005242	0.005022	0.235610	0.010007	0.002620
19	na	2.703351	0.000605	0.000564	0.003741	0.003832	0.000608	0.001627	0.033878	0.159911	0.056124	0.022160	0.000098	0.009233	0.000782	0.319263	0.040175	0.263561	0.068849	0.007483	0.000420	0.007088
20	na	2.291030	0.016720	0.002468	0.005072	0.002316	0.001771	0.030340	0.006013	0.317564	0.448444	0.049766	0.017464	0.025783	0.002102	0.002225	0.000891	0.053216	0.001238	0.011281	0.000675	0.004648
21	na	2.446521	0.012432	0.167096	0.472484	0.001654	0.000625	0.000954	0.000629	0.001543	0.025572	0.125152	0.002799	0.009838	0.069116	0.014028	0.003039	0.078741	0.009092	0.004109	0.000618	0.000478
22	na	2.356668	0.007046	0.003999	0.223258	0.002995	0.000593	0.006750	0.006878	0.196413	0.004003	0.007268	0.006144	0.088135	0.001195	0.001335	0.000818	0.023610	0.003300	0.409902	0.000343	0.006015
23	na	0.961905	0.000693	0.000513	0.000915	0.003282	0.003442	0.122536	0.000768	0.000163	0.002732	0.000783	0.001154	0.002745	0.002507	0.002321	0.018356	0.829674	0.001934	0.003051	0.001758	0.000673
24	na	2.557248	0.001744	0.019428	0.008575	0.025660	0.059448	0.002174	0.021350	0.059710	0.018953	0.040372	0.016475	0.002089	0.004810	0.004869	0.002019	0.021596	0.496363	0.001854	0.001719	0.190792
25	na	3.139497	0.160199	0.006963	0.002107	0.001624	0.002390	0.015954	0.150603	0.026399	0.194156	0.175196	0.016965	0.001535	0.001130	0.019162	0.002134	0.006955	0.006624	0.112393	0.006444	0.091067
26	na	2.100713	0.324799	0.010468	0.000643	0.003880	0.007911	0.004107	0.001402	0.001486	0.001087	0.026198	0.000795	0.051308	0.007407	0.003300	0.004427	0.017907	0.002254	0.043101	0.004489	0.483032
27	na	2.621508	0.022980	0.012222	0.018010	0.004962	0.012415	0.051674	0.022152	0.003601	0.013860	0.008698	0.002237	0.358037	0.002163	0.006504	0.346986	0.060654	0.038861	0.006410	0.002516	0.005057
28	na	1.351099	0.776523	0.001599	0.002608	0.001197	0.001222	0.001025	0.001946	0.003308	0.021042	0.006118	0.001868	0.112682	0.011948	0.001199	0.002825	0.010568	0.004385	0.002516	0.033673	0.001749
29	na	2.476455	0.020920	0.035987	0.000770	0.131954	0.002223	0.041307	0.046082	0.001754	0.000900	0.003448	0.000758	0.010257	0.000593	0.015647	0.007477	0.382213	0.291959	0.004423	0.000698	0.000629
30	na	2.758428	0.001188	0.000585	0.001790	0.000536	0.001463	0.001224	0.155187	0.010948	0.017867	0.002267	0.023781	0.060890	0.042390	0.009407	0.003467	0.108524	0.279718	0.004167	0.272909	0.001692
31	na	2.686810	0.017443	0.002856	0.238843	0.022773	0.007820	0.015737	0.002963	0.011536	0.002722	0.027578	0.001612	0.003990	0.001134	0.401967	0.039786	0.005030	0.104192	0.077797	0.013217	0.001005
32	na	2.280318	0.011941	0.003112	0.002002	0.548074	0.000102	0.116447	0.010953	0.002856	0.001570	0.025557	0.016899	0.001747	0.000907	0.000467	0.034770	0.064920	0.132746	0.024588	0.000275	0.000068
33	na	2.557776	0.003414	0.001907	0.259490	0.000568	0.004015	0.041932	0.002910	0.081216	0.044126	0.016427	0.003380	0.000357	0.002530	0.021711	0.053868	0.041567	0.003566	0.415431	0.000387	0.001196
34	na	3.223389	0.020355	0.008344	0.274997	0.070211	0.076858	0.152972	0.001344	0.000799	0.004634	0.017844	0.001563	0.099151	0.004254	0.002276	0.001782	0.030888	0.019834	0.133779	0.014033	0.064082
35	na	1.762465	0.001746	0.003578	0.002172	0.003545	0.003367	0.013953	0.001084	0.002594	0.010296	0.007938	0.000867	0.016300	0.001471	0.004206	0.018929	0.542984	0.343535	0.019410	0.000740	0.001286
36	na	3.051393	0.079756	0.022687	0.003160	0.010062	0.027785	0.008848	0.004230	0.420972	0.016318	0.046603	0.038326	0.003604	0.021194	0.041187	0.020617	0.013526	0.143773	0.018209	0.001972	0.057172
37	na	2.416804	0.003023	0.009679	0.128068	0.017207	0.000761	0.006924	0.001571	0.032903	0.002490	0.100520	0.003959	0.000135	0.000170	0.003212	0.148728	0.491339	0.029596	0.006358	0.000415	0.012943
38	na	2.714530	0.217804	0.003627	0.010596	0.330004	0.002537	0.005078	0.034638	0.007623	0.010121	0.004484	0.002810	0.003594	0.009125	0.017374	0.101606	0.209730	0.013030	0.004168	0.002553	0.009498
39	na	2.504377	0.016394	0.003760	0.003812	0.017940	0.003829	0.467283	0.017750	0.005097	0.237741	0.036184	0.012276	0.002548	0.016529	0.007013	0.008563	0.008357	0.107833	0.012622	0.003506	0.010964
40	na	2.781875	0.006959	0.006649	0.013835	0.006917	0.005796	0.009937	0.018171	0.005277	0.145549	0.023455	0.005129	0.345086	0.081485	0.015644	0.005786	0.264768	0.018978	0.009593	0.004477	0.006507
41	na	2.205518	0.030195	0.073427	0.008663	0.010225	0.003427	0.022916	0.020741	0.012192	0.014879	0.016490	0.010413	0.047973	0.006533	0.010275	0.009641	0.009683	0.005087	0.661116	0.019805	0.006320
42	na	2.644006	0.127193	0.131334	0.012852	0.000716	0.008193	0.018380	0.004045	0.002351	0.006777	0.005862	0.006230	0.004426	0.433201	0.011917	0.008109	0.000180	0.048323	0.151622	0.010939	0.007350
43	na	3.172371	0.290819	0.024671	0.018284	0.033606	0.005025	0.013822	0.031176	0.151571	0.012093	0.000260	0.010158	0.045124	0.030331	0.011039	0.018277	0.043530	0.009105	0.230856	0.011536	0.008714
44	na	2.344730	0.028152	0.004546	0.002687	0.002930	0.001853	0.001998	0.004639	0.003307	0.082264	0.004694	0.003179	0.062090	0.000330	0.010861	0.040595	0.003026	0.496712	0.225032	0.013459	0.007645
45	na	3.018244	0.219133	0.008277	0.049116	0.006803	0.151094	0.066473	0.299969	0.003210	0.002059	0.049796	0.012689	0.004932	0.008628	0.012865	0.010453	0.070409	0.002505	0.013408	0.002499	0.005682
46	na	2.236175	0.070920	0.005988	0.004788	0.006339	0.002390	0.008464	0.006736	0.004656	0.003606	0.152521	0.002056	0.007232	0.002454	0.004244	0.002990	0.568385	0.029711	0.024276	0.088996	0.003248
47	na	2.899801	0.012200	0.006885	0.002045	0.010583	0.053530	0.040227	0.025062	0.124659	0.011982	0.236987	0.003513	0.005505	0.001088	0.022651	0.007329	0.011429	0.056523	0.353316	0.004351	0.010135
48	na	2.660556	0.004639	0.006049	0.092217	0.036157	0.002427	0.002781	0.005199	0.005733	0.030545	0.016010	0.004344	0.321161	0.020053	0.006288	0.007394	0.056805	0.355653	0.008966	0.013942	0.003636
49	na	1.707113	0.005461	0.024868	0.004888	0.005589	0.004824	0.005027	0.014262	0.052710	0.003966	0.749188	0.001595	0.003351	0.005210	0.043405	0.037277	0.006828	0.010054	0.009116	0.005987	0.006392
50	na	1.800868	0.058332	0.005246	0.007990	0.002275	0.003326	0.006754	0.003693	0.002033	0.004098	0.686371	0.001935	0.002743	0.038143	0.018158	0.009734	0.129788	0.002303	0.004542	0.002713	0.009826
51	na	2.672217	0.123695	0.007178	0.093927	0.160596	0.045163	0.004721	0.001214	0.027070	0.004043	0.019799	0.000876	0.000926	0.002808	0.005084	0.006046	0.017924	0.028799	0.440891	0.003247	0.005993
52	na	3.624955	0.109328	0.006967	0.160130	0.026676	0.006718	0.049201	0.074049	0.006638	0.003910	0.131773	0.001075	0.113161	0.014321	0.011769	0.018055	0.074281	0.051001	0.112256	0.019880	0.008811
53	na	3.543702	0.039353	0.001175	0.000537	0.031899	0.042622	0.041993	0.044668	0.008727	0.006126	0.124986	0.005864	0.055876	0.000303	0.090436	0.164046	0.169218	0.031961	0.111839	0.000837	0.027532
54	na	3.182932	0.107761	0.008376	0.017745	0.003410	0.001634	0.032329	0.337338	0.042734	0.031065	0.006835	0.003875	0.004744	0.107449	0.015607	0.015412	0.074306	0.134004	0.045778	0.003776	0.005825
55	na	2.633142	0.006763	0.002013	0.032577	0.004532	0.003451	0.040496	0.011592	0.013974	0.044784	0.005909	0.005305	0.205853	0.028559	0.041623	0.026343	0.479217	0.037624	0.002246	0.003430	0.003710
56	na	2.639818	0.068801	0.001278	0.028903	0.005179	0.020061	0.288913	0.044289	0.001300	0.012163	0.001352	0.350137	0.023741	0.005203	0.002042	0.007439	0.126176	0.009522	0.002286	0.000378	0.000836
57	na	2.857242	0.160886	0.013901	0.017453	0.000298	0.365862	0.009834	0.000599	0.001390	0.052108	0.047294	0.021193	0.004870	0.002606	0.002844	0.173151	0.007936	0.005524	0.078000	0.033453	0.000796
58	na	2.539545	0.004248	0.010072	0.001527	0.001300	0.042346	0.001512	0.004518	0.022960	0.001418	0.512627	0.014450	0.078267	0.020918	0.004426	0.169724	0.010642	0.013183	0.009575	0.037914	0.038375
59	na	2.794066	0.019583	0.493944	0.008401	0.027323	0.004184	0.009005	0.007639	0.059587	0.016422	0.056805	0.030372	0.008270	0.005132	0.105198	0.016986	0.020391	0.008963	0.092155	0.004870	0.004770
60	na	2.717597	0.015798	0.001863	0.013237	0.002069	0.004877	0.006454	0.088122	0.003670	0.057227	0.099929	0.002709	0.015978	0.000501	0.002902	0.447738	0.132697	0.055284	0.000451	0.002038	0.046454
61	na	2.208476	0.003375	0.002791	0.004550	0.036116	0.003617	0.006063	0.001658	0.345185	0.001533	0.438830	0.002274	0.017138	0.016735	0.005589	0.007461	0.004447	0.006573	0.019445	0.000340	0.076280
62	na	3.071569	0.063726	0.001572	0.040894	0.035065	0.004518	0.050215	0.359979	0.006545	0.187261	0.007880	0.002606	0.013345	0.007990	0.031437	0.108176	0.037468	0.004138	0.006950	0.014325	0.015912
63	na	2.497692	0.011880	0.006227	0.004810	0.004126	0.004050	0.367761	0.300940	0.002074	0.028871	0.006288	0.002943	0.005365	0.004712	0.003701	0.023694	0.156130	0.051953	0.003749	0.003898	0.006829
64	na	3.514490	0.054096	0.005294	0.046745	0.042078	0.003657	0.063747	0.025774	0.273456	0.035332	0.081168	0.012591	0.136668	0.002727	0.027251	0.098394	0.010472	0.020427	0.046159	0.004619	0.009343
65	na	3.621043	0.187510	0.001395	0.043036	0.121783	0.002104	0.077638	0.065215	0.023050	0.129755	0.034728	0.001385	0.010457	0.017164	0.019728	0.119578	0.063566	0.033060	0.023634	0.003364	0.021850
66	na	2.406079	0.279103	0.012529	0.005249	0.002750	0.004878	0.087549	0.016459	0.031205	0.004470	0.005159	0.009430	0.011662	0.462207	0.002335	0.013678	0.025523	0.007155	0.004352	0.010982	0.003324
67	na	1.811198	0.002950	0.022880	0.004264	0.008349	0.003835	0.002938	0.032870	0.013943	0.006569	0.739023	0.007358	0.018489	0.003679	0.008206	0.004619	0.026499	0.027728	0.040268	0.002580	0.022952
68	na	3.400864	0.045979	0.002161	0.046225	0.050655	0.032781	0.012542	0.004643	0.024979	0.017994	0.061830	0.033764	0.008094	0.047337	0.026278	0.330648	0.007790	0.077258	0.145056	0.009920	0.014066
69	na	1.831701	0.008338	0.001894	0.008484	0.008730	0.006592	0.135813	0.001638	0.098903	0.004835	0.665007	0.010209	0.003355	0.011330	0.002283	0.004129	0.009479	0.002658	0.006907	0.008050	0.001363
70	na	3.431888	0.019032	0.004048	0.079549	0.002368	0.051478	0.225631	0.045093	0.006692	0.020681	0.193144	0.002790	0.019805	0.087479	0.056103	0.107675	0.037766	0.019560	0.013898	0.000305	0.006901
71	na	3.090155	0.015394	0.010824	0.001942	0.005640	0.001132	0.274075	0.003244	0.002790	0.063916	0.086101	0.001308	0.021202	0.028540	0.018421	0.128522	0.161582	0.157384	0.004757	0.011198	0.002030
72	na	2.818204	0.064664	0.353851	0.003672	0.006921	0.004158	0.011529	0.001898	0.089930	0.004927	0.011001	0.237259	0.002553	0.023240	0.025063	0.116936	0.004568	0.004161	0.024403	0.004741	0.004527
73	na	3.051432	0.011619	0.052326	0.083748	0.054653	0.001298	0.076776	0.005965	0.003402	0.029493	0.004014	0.001813	0.129746	0.003001	0.034146	0.036990	0.369748	0.094962	0.002019	0.000980	0.003302
74	na	2.137883	0.011565	0.003239	0.001694	0.002431	0.049354	0.016420	0.002450	0.384853	0.001651	0.424556	0.041375	0.002948	0.005930	0.003247	0.014261	0.002573	0.004633	0.020885	0.001926	0.004011
75	na	2.722591	0.027663	0.006008	0.000181	0.000117	0.000921	0.025169	0.000613	0.094920	0.014306	0.121844	0.013054	0.018448	0.039399	0.005933	0.026284	0.013120	0.122720	0.457233	0.000186	0.011882
76	na	1.797355	0.193714	0.001677	0.006220	0.020005	0.004959	0.664622	0.002564	0.004403	0.002173	0.011073	0.008817	0.014425	0.009279	0.009509	0.003382	0.017885	0.004698	0.009106	0.008966	0.002521
77	na	2.897998	0.008813	0.013348	0.008554	0.033621	0.010084	0.034920	0.015527	0.105913	0.011646	0.045063	0.005080	0.009644	0.006716	0.009042	0.036080	0.012919	0.015295	0.088497	0.482493	0.046744
78	na	1.541564	0.008950	0.001032	0.001372	0.000685	0.003722	0.003196	0.001005	0.000462	0.001011	0.252671	0.011497	0.002643	0.005188	0.000702	0.005960	0.644432	0.005754	0.047896	0.001247	0.000573
79	na	2.264659	0.044702	0.000631	0.005220	0.002787	0.000922	0.005524	0.002077	0.060633	0.002751	0.466133	0.004741	0.009343	0.305033	0.002210	0.033397	0.008657	0.019227	0.010295	0.001379	0.014338
80	na	1.186922	0.020994	0.007602	0.002916	0.008526	0.002114	0.847644	0.001667	0.002039	0.006086	0.002093	0.001353	0.008501	0.009004	0.013614	0.007069	0.026776	0.019215	0.003293	0.002238	0.007257
81	na	2.667768	0.053041	0.003600	0.002008	0.003849	0.003156	0.017077	0.129500	0.009061	0.021298	0.014999	0.004533	0.381055	0.001878	0.017112	0.005075	0.248944	0.072018	0.007297	0.002344	0.002155
82	na	1.904457	0.010500	0.000994	0.008572	0.009704	0.000332	0.004868	0.434274	0.003109	0.000726	0.002667	0.004053	0.000809	0.426197	0.003725	0.041399	0.026149	0.005942	0.008986	0.000930	0.006062
83	na	3.345217	0.037569	0.012717	0.017506	0.127796	0.006657	0.249903	0.004784	0.007176	0.001807	0.175148	0.035008	0.048737	0.002121	0.048641	0.004546	0.089683	0.052715	0.006158	0.001815	0.069513
84	na	1.948232	0.009106	0.663756	0.017061	0.003635	0.004173	0.006477	0.002663	0.009113	0.004692	0.005443	0.002931	0.021875	0.002692	0.010226	0.006424	0.138993	0.005463	0.054253	0.026109	0.004913
85	na	2.761913	0.002566	0.011563	0.457828	0.064945	0.006815	0.023621	0.015947	0.006299	0.003204	0.060769	0.005582	0.002782	0.041283	0.097479	0.006231	0.035261	0.144730	0.006203	0.002138	0.004755
86	na	3.601723	0.134798	0.011593	0.017134	0.004822	0.053962	0.054172	0.068951	0.086219	0.008858	0.148341	0.002078	0.030942	0.084647	0.028785	0.010981	0.187146	0.001568	0.020502	0.007490	0.037011
87	na	1.727811	0.002117	0.013084	0.003644	0.005822	0.001935	0.009123	0.004168	0.074999	0.001613	0.736615	0.008324	0.003779	0.030596	0.006939	0.021248	0.005178	0.041196	0.018351	0.000978	0.010289
88	na	2.855165	0.001271	0.006193	0.008801	0.233974	0.016725	0.007508	0.001154	0.082847	0.002146	0.275880	0.001088	0.000572	0.006371	0.016565	0.002328	0.033272	0.041269	0.046664	0.209930	0.005443
89	na	3.351887	0.062603	0.000374	0.005563	0.062671	0.259910	0.078937	0.005154	0.014005	0.023163	0.188913	0.005039	0.006651	0.072543	0.002128	0.020816	0.088804	0.036900	0.022264	0.000528	0.043033
90	na	3.861745	0.110112	0.003556	0.017115	0.031968	0.063551	0.041317	0.003343	0.094807	0.012850	0.114144	0.056602	0.031541	0.045353	0.020841	0.026094	0.127584	0.096247	0.063219	0.000517	0.039238
91	na	3.597030	0.030805	0.010616	0.003101	0.140653	0.074745	0.044580	0.002499	0.095980	0.016608	0.039319	0.000494	0.014264	0.007152	0.040165	0.206613	0.077290	0.049344	0.098456	0.000482	0.046833
92	na	3.569417	0.031161	0.001204	0.062126	0.001377	0.012408	0.136847	0.001504	0.056335	0.020105	0.015505	0.002517	0.014145	0.062960	0.026046	0.082311	0.204950	0.115175	0.049731	0.007453	0.096140
93	na	2.954648	0.006899	0.037758	0.005059	0.005557	0.212046	0.066085	0.008570	0.005261	0.052178	0.268273	0.011658	0.030426	0.008505	0.002733	0.011270	0.009184	0.005329	0.010417	0.238169	0.004624
94	na	1.419856	0.010458	0.010902	0.007594	0.004693	0.014283	0.040955	0.010835	0.012145	0.002013	0.003059	0.001785	0.002721	0.009103	0.002994	0.005513	0.808843	0.007166	0.006855	0.030631	0.007453
95	na	2.515610	0.002477	0.007057	0.021832	0.003988	0.027345	0.013134	0.005416	0.002366	0.023790	0.010478	0.002971	0.007313	0.019830	0.013791	0.140882	0.096972	0.027675	0.022530	0.009460	0.540693
96	na	2.290568	0.004251	0.003540	0.004186	0.009328	0.036559	0.004350	0.016463	0.585290	0.001825	0.077265	0.009529	0.003162	0.016755	0.005375	0.019335	0.021464	0.025542	0.145781	0.008298	0.001701
97	na	2.106400	0.054857	0.003638	0.007740	0.007678	0.009075	0.019284	0.020854	0.128983	0.008889	0.030072	0.002469	0.003302	0.018195	0.008867	0.003894	0.010134	0.003807	0.643319	0.005574	0.009370
98	na	2.687906	0.016705	0.002520	0.008732	0.297759	0.002691	0.117478	0.001468	0.328822	0.003583	0.005206	0.002567	0.001589	0.002414	0.025125	0.004724	0.018163	0.047496	0.089497	0.002367	0.021095
99	na	3.265464	0.237082	0.003363	0.012477	0.152782	0.002519	0.003832	0.009163	0.008583	0.009777	0.090737	0.003719	0.002881	0.029478	0.063910	0.147062	0.066965	0.117824	0.029001	0.000315	0.008528
100	na	3.444506	0.134091	0.000491	0.001653	0.045790	0.004854	0.241357	0.114874	0.027360	0.026702	0.078398	0.001584	0.010268	0.123552	0.002464	0.051384	0.034456	0.015793	0.053746	0.019680	0.011504
101	na	3.042462	0.001674	0.002591	0.138275	0.000950	0.260080	0.109478	0.011367	0.001908	0.007313	0.121024	0.003567	0.058620	0.004382	0.000816	0.191020	0.023220	0.042285	0.013132	0.004027	0.004270
102	na	2.569946	0.157638	0.002411	0.001604	0.002994	0.004029	0.066461	0.001411	0.002399	0.001310	0.004321	0.002941	0.000834	0.055462	0.348054	0.003471	0.234922	0.101273	0.002336	0.005725	0.000405
103	na	3.648072	0.079254	0.001144	0.003224	0.139452	0.019650	0.072661	0.084589	0.035159	0.003268	0.045143	0.004389	0.184450	0.068068	0.045397	0.040620	0.104088	0.016577	0.044693	0.007121	0.001053
104	na	3.251235	0.049179	0.004619	0.000409	0.246262	0.136103	0.005939	0.078247	0.002251	0.003335	0.132560	0.001390	0.048029	0.000555	0.110425	0.038906	0.098736	0.000951	0.018769	0.001018	0.022316
105	na	2.449663	0.091549	0.026032	0.043662	0.031103	0.006017	0.592339	0.032415	0.001329	0.043834	0.003928	0.007916	0.016249	0.021205	0.001978	0.016919	0.031899	0.019837	0.006622	0.003413	0.001755
106	na	2.976709	0.232328	0.059150	0.005631	0.096719	0.001418	0.003154	0.012862	0.004867	0.001899	0.211507	0.000999	0.029546	0.176877	0.003108	0.001037	0.010128	0.027680	0.119787	0.000657	0.000646
107	na	2.494872	0.089352	0.571118	0.009020	0.004938	0.007321	0.017012	0.008279	0.021409	0.040941	0.012961	0.041585	0.008357	0.005058	0.005960	0.005612	0.050874	0.006568	0.004957	0.007709	0.080970
108	na	2.291993	0.027670	0.006179	0.006597	0.007238	0.012241	0.005029	0.014443	0.041388	0.010457	0.060971	0.003626	0.057045	0.007164	0.002755	0.006233	0.075351	0.021779	0.004678	0.006373	0.622784
109	na	1.734741	0.054709	0.002043	0.004874	0.004775	0.002548	0.002426	0.020921	0.004306	0.003312	0.009087	0.002296	0.004837	0.739624	0.001926	0.011337	0.048328	0.015958	0.018660	0.037464	0.010569
110	na	1.402665	0.005880	0.013599	0.008632	0.025131	0.006390	0.818275	0.002990	0.004030	0.007893	0.006395	0.026503	0.007536	0.007707	0.004247	0.011998	0.018690	0.006687	0.007692	0.006312	0.003414
111	na	3.603483	0.083239	0.010850	0.111431	0.195388	0.006831	0.060293	0.014486	0.086176	0.029577	0.003506	0.003635	0.006500	0.039580	0.006110	0.074523	0.091502	0.120891	0.036890	0.000572	0.018019
112	na	1.716607	0.001881	0.005166	0.002458	0.002680	0.005276	0.003344	0.022133	0.057460	0.002856	0.710589	0.002216	0.005530	0.002213	0.005769	0.002737	0.009641	0.080732	0.073478	0.001827	0.002014
113	na	3.318148	0.293247	0.003084	0.064045	0.004164	0.119220	0.001748	0.004975	0.084230	0.053681	0.050057	0.032824	0.023154	0.003322	0.006893	0.040559	0.102175	0.095863	0.014412	0.000739	0.001610
114	na	3.173351	0.168728	0.001315	0.246515	0.055729	0.030100	0.034883	0.075026	0.002734	0.000827	0.175765	0.001003	0.003143	0.001678	0.036032	0.010940	0.112049	0.006355	0.004807	0.020809	0.011564
115	na	3.322700	0.075051	0.001015	0.001230	0.005857	0.011505	0.025490	0.012117	0.253264	0.004188	0.113789	0.001015	0.021950	0.015691	0.033855	0.038675	0.138106	0.085609	0.018053	0.003275	0.140265
116	na	3.140951	0.091183	0.013017	0.001472	0.366792	0.036079	0.086331	0.011989	0.002994	0.007225	0.026162	0.011844	0.004511	0.069764	0.139965	0.005020	0.040200	0.002039	0.038177	0.007977	0.037259
117	na	2.423653	0.012659	0.006140	0.012430	0.441692	0.006426	0.008511	0.005599	0.023786	0.028272	0.005367	0.016797	0.019119	0.049981	0.009948	0.006384	0.008907	0.323137	0.005021	0.004765	0.005060
118	na	1.342735	0.001631	0.002645	0.024491	0.002075	0.022258	0.003080	0.001634	0.104734	0.001667	0.787315	0.005572	0.003639	0.006526	0.010406	0.003120	0.004473	0.004921	0.005951	0.002216	0.001647
119	na	2.357259	0.023577	0.009108	0.002746	0.004927	0.038216	0.005373	0.068068	0.004682	0.028823	0.009485	0.001915	0.002432	0.004725	0.009270	0.615121	0.018024	0.040567	0.023673	0.024250	0.065018
120	na	2.698691	0.028044	0.009912	0.008831	0.485245	0.015901	0.014961	0.014584	0.008412	0.020854	0.020196	0.006607	0.018961	0.006127	0.008121	0.125068	0.160708	0.010613	0.010217	0.010303	0.016337
121	na	2.943976	0.007752	0.014083	0.020344	0.010362	0.004415	0.005176	0.023725	0.011510	0.005246	0.089019	0.004461	0.031005	0.003054	0.300122	0.292373	0.108967	0.020431	0.007593	0.028809	0.011555
122	na	1.707347	0.003239	0.001404	0.003872	0.003424	0.007758	0.001956	0.002644	0.481954	0.002368	0.416308	0.005432	0.001563	0.003829	0.002189	0.003856	0.008275	0.002393	0.040274	0.005151	0.002112
123	na	3.160437	0.156307	0.053155	0.001364	0.001640	0.007852	0.135432	0.003782	0.002021	0.029406	0.045157	0.003830	0.015815	0.001960	0.057677	0.035846	0.222059	0.206423	0.013277	0.001881	0.005117
124	na	2.994968	0.268232	0.003636	0.009052	0.151831	0.001372	0.095082	0.008853	0.033201	0.001996	0.071201	0.004517	0.007016	0.001598	0.015029	0.006524	0.246755	0.028891	0.031726	0.001603	0.011885
125	na	2.673069	0.099759	0.004516	0.001191	0.000873	0.007245	0.000474	0.000220	0.340230	0.000353	0.229174	0.024897	0.010439	0.001916	0.001095	0.000519	0.053791	0.121750	0.094448	0.000323	0.006788
126	na	3.097913	0.000719	0.000113	0.026662	0.010784	0.006462	0.045657	0.030843	0.267838	0.000633	0.003151	0.000904	0.003760	0.005612	0.017835	0.039625	0.200047	0.135267	0.095521	0.006676	0.101891
127	na	3.395822	0.067269	0.004466	0.096426	0.104704	0.003306	0.166637	0.005162	0.023068	0.078063	0.016280	0.008478	0.001879	0.009519	0.007682	0.066472	0.233861	0.005082	0.044757	0.001145	0.055746
128	na	2.676980	0.113017	0.001669	0.004420	0.004137	0.046412	0.039373	0.037951	0.006850	0.017670	0.479502	0.003945	0.001185	0.002261	0.002162	0.009529	0.136086	0.016446	0.053257	0.006131	0.017998
129	na	2.962371	0.018691	0.002896	0.160539	0.348647	0.004169	0.004813	0.034734	0.005953	0.006878	0.004818	0.011407	0.003835	0.005230	0.009111	0.009524	0.136588	0.125330	0.057309	0.003816	0.045714
130	na	1.954542	0.015015	0.007860	0.005645	0.007017	0.004816	0.012783	0.002286	0.004757	0.142879	0.009832	0.006196	0.004075	0.079925	0.007301	0.652516	0.008957	0.015663	0.006135	0.002860	0.003483
131	na	2.898753	0.027550	0.012453	0.020335	0.013088	0.349519	0.011326	0.005840	0.157194	0.009083	0.038658	0.008796	0.010278	0.009277	0.006877	0.012018	0.008215	0.012646	0.015761	0.023012	0.248075
132	na	2.679688	0.007342	0.016649	0.011613	0.279850	0.006443	0.004483	0.005574	0.072933	0.010464	0.019564	0.004667	0.072007	0.403483	0.019365	0.009111	0.010138	0.025145	0.008085	0.007342	0.005741
133	na	1.667672	0.008877	0.004179	0.006374	0.003622	0.007267	0.004958	0.003050	0.153390	0.005254	0.710971	0.010930	0.011147	0.002805	0.002369	0.006083	0.003173	0.006158	0.031549	0.003832	0.014014
134	na	2.591579	0.099606	0.015335	0.009031	0.009666	0.560878	0.006641	0.015146	0.010108	0.062563	0.060607	0.011032	0.007062	0.005043	0.005654	0.008327	0.030658	0.024966	0.018768	0.027025	0.011884
135	na	3.256659	0.013606	0.000987	0.149080	0.142325	0.007116	0.007645	0.007529	0.000811	0.033840	0.027990	0.001732	0.042590	0.291461	0.033361	0.026937	0.055393	0.104206	0.009361	0.002091	0.041939
136	na	3.793685	0.045412	0.038172	0.027226	0.038092	0.028713	0.085884	0.001777	0.016589	0.060354	0.092680	0.001099	0.001651	0.108465	0.070660	0.033889	0.120859	0.162605	0.016337	0.017619	0.031916
137	na	3.257922	0.255730	0.000783	0.006125	0.113487	0.003413	0.096097	0.017225	0.012990	0.001304	0.111714	0.010608	0.059983	0.008261	0.015941	0.007814	0.095643	0.148831	0.028494	0.000989	0.004566
138	na	2.071352	0.035129	0.000210	0.003106	0.002353	0.002909	0.006255	0.015545	0.014944	0.008953	0.037831	0.000040	0.677347	0.006701	0.009237	0.005618	0.049463	0.013260	0.031602	0.038815	0.040682
139	na	3.269440	0.286150	0.004520	0.000456	0.000897	0.025960	0.019529	0.075740	0.056261	0.012903	0.019839	0.012680	0.004581	0.000564	0.056016	0.006460	0.146833	0.119914	0.078085	0.071142	0.001470
140	na	2.633134	0.039109	0.008705	0.012805	0.003951	0.066012	0.019286	0.073504	0.011263	0.008495	0.041026	0.015187	0.004191	0.009263	0.022583	0.018842	0.010256	0.011887	0.016302	0.566387	0.040947
141	na	3.175723	0.058142	0.021850	0.008621	0.074743	0.002943	0.009908	0.005579	0.031332	0.001284	0.021729	0.007857	0.004954	0.315892	0.087492	0.206012	0.026794	0.068237	0.033227	0.003118	0.010285
142	na	3.145114	0.023255	0.044565	0.007108	0.017957	0.002073	0.100376	0.020339	0.058091	0.011287	0.020892	0.002425	0.377594	0.131687	0.091175	0.013109	0.020902	0.009672	0.037096	0.004704	0.005694
143	na	2.912273	0.015759	0.001993	0.004084	0.009902	0.067629	0.003350	0.151097	0.023195	0.001264	0.015053	0.001272	0.019162	0.001633	0.024321	0.011295	0.394115	0.133885	0.059107	0.004311	0.057574
144	na	1.990311	0.020527	0.004305	0.048883	0.009759	0.006244	0.222977	0.010868	0.007822	0.004212	0.004183	0.006267	0.004904	0.004824	0.002976	0.011598	0.017317	0.602343	0.003138	0.001722	0.005129
145	na	3.603891	0.203277	0.038150	0.203521	0.082806	0.110312	0.064189	0.030013	0.017516	0.006556	0.031676	0.007141	0.025839	0.003940	0.030573	0.033726	0.027796	0.038361	0.023424	0.010403	0.010778
146	na	3.497664	0.172609	0.002558	0.088132	0.021363	0.039803	0.124000	0.044068	0.003407	0.000661	0.026584	0.000685	0.047996	0.028904	0.214329	0.080765	0.033939	0.008218	0.015266	0.005314	0.041400
147	na	2.807520	0.005021	0.013883	0.026404	0.003029	0.011602	0.506470	0.049043	0.065567	0.062077	0.007324	0.003900	0.007473	0.002197	0.010181	0.029103	0.057271	0.073093	0.041467	0.007217	0.017676
148	na	2.861868	0.057134	0.001132	0.001869	0.001144	0.000980	0.005639	0.000347	0.289077	0.065619	0.003122	0.001623	0.012452	0.007889	0.007604	0.050200	0.240895	0.119478	0.121657	0.000366	0.011774
149	na	1.147352	0.001420	0.002193	0.001772	0.001398	0.000848	0.002489	0.000911	0.006209	0.005983	0.004514	0.001264	0.000552	0.003065	0.001907	0.009257	0.767220	0.182278	0.004444	0.000484	0.001793
150	na	2.255547	0.284312	0.015609	0.006545	0.011432	0.011447	0.007465	0.029715	0.006335	0.001927	0.035516	0.006746	0.010728	0.000663	0.014698	0.001264	0.502399	0.000073	0.006599	0.008382	0.038146
151	na	2.453986	0.131268	0.007023	0.001848	0.004751	0.004581	0.003379	0.042624	0.014172	0.001761	0.180284	0.003409	0.004422	0.002657	0.003137	0.029603	0.488254	0.029995	0.039853	0.001946	0.005034
152	na	2.790306	0.017470	0.512487	0.026337	0.006299	0.011929	0.035553	0.009216	0.015913	0.022589	0.122009	0.006752	0.010738	0.048964	0.024062	0.023069	0.065171	0.005322	0.007022	0.016454	0.012645
153	na	3.125387	0.026014	0.001198	0.006676	0.095544	0.010041	0.087833	0.000862	0.000944	0.009960	0.256237	0.001339	0.000741	0.037875	0.011018	0.209668	0.083947	0.084756	0.073179	0.000409	0.001757
154	na	2.732970	0.116226	0.001936	0.001538	0.003238	0.006946	0.013512	0.017001	0.019477	0.010606	0.009921	0.001067	0.000143	0.005480	0.047971	0.179781	0.125777	0.398906	0.031381	0.000185	0.008908
155	na	2.728456	0.020136	0.000395	0.010323	0.000418	0.002845	0.040509	0.003349	0.024653	0.009979	0.415727	0.004826	0.063448	0.000857	0.009700	0.112941	0.052635	0.003846	0.203139	0.010727	0.009548
156	na	3.469997	0.040400	0.030987	0.119229	0.151740	0.002453	0.198694	0.018578	0.018898	0.002998	0.029842	0.009016	0.006483	0.002906	0.104975	0.101915	0.108647	0.012045	0.011617	0.024365	0.004215
157	na	3.017889	0.005065	0.000154	0.005162	0.204099	0.007835	0.043730	0.024253	0.087657	0.019208	0.077997	0.000844	0.000514	0.000385	0.012056	0.021608	0.072304	0.316387	0.003267	0.002108	0.095367
158	na	2.538711	0.013995	0.000883	0.000611	0.004720	0.007250	0.000989	0.009486	0.000293	0.039529	0.439870	0.015951	0.019633	0.187916	0.024900	0.001344	0.079537	0.001007	0.007297	0.000562	0.144228
159	na	2.889058	0.017055	0.001334	0.106046	0.354222	0.002260	0.119804	0.072683	0.003991	0.007928	0.027652	0.005031	0.004998	0.000356	0.032292	0.004946	0.159270	0.077897	0.000841	0.000726	0.000667
160	na	2.232467	0.067721	0.012603	0.006029	0.006825	0.646772	0.004234	0.003092	0.027222	0.005196	0.023487	0.005722	0.008673	0.026859	0.003137	0.013057	0.038641	0.053145	0.010214	0.005052	0.032319
161	na	1.536922	0.002717	0.002873	0.002845	0.001067	0.710880	0.004150	0.013998	0.000716	0.002651	0.001957	0.001411	0.002175	0.002506	0.014786	0.005871	0.012548	0.038887	0.001861	0.004635	0.171468
162	na	2.350419	0.024225	0.003228	0.010471	0.006852	0.008519	0.027561	0.132953	0.004569	0.160027	0.006596	0.002207	0.011967	0.010656	0.020168	0.537130	0.010020	0.001927	0.001467	0.002805	0.016653
163	na	1.823577	0.010247	0.016856	0.008639	0.010118	0.006836	0.007764	0.006895	0.006512	0.010314	0.018965	0.004923	0.732208	0.003035	0.019459	0.006035	0.011867	0.081704	0.017950	0.007915	0.011757
164	na	1.551636	0.000643	0.010136	0.001439	0.008419	0.003498	0.006290	0.000624	0.475880	0.001352	0.447966	0.004162	0.001566	0.000349	0.001601	0.001940	0.002041	0.001760	0.028459	0.000827	0.001047
165	na	1.733427	0.012915	0.002351	0.000653	0.001174	0.000928	0.072669	0.004698	0.006117	0.000437	0.137939	0.001800	0.015068	0.001683	0.000958	0.040097	0.012437	0.000715	0.679155	0.004920	0.003285
166	na	2.840084	0.022593	0.027095	0.011624	0.015075	0.023176	0.070201	0.019490	0.006811	0.010584	0.050803	0.024640	0.005160	0.040671	0.008087	0.013615	0.009798	0.100189	0.016102	0.511741	0.012546
167	na	1.912655	0.011758	0.003257	0.004251	0.002594	0.002186	0.001989	0.002265	0.314204	0.001611	0.520836	0.000294	0.010878	0.003739	0.003930	0.001790	0.004549	0.064316	0.041798	0.002265	0.001492
168	na	2.760432	0.020218	0.002105	0.011566	0.002549	0.009566	0.038935	0.021863	0.003957	0.004371	0.138498	0.005263	0.003212	0.001395	0.003133	0.008353	0.211772	0.362590	0.031888	0.001519	0.117248
169	na	3.151326	0.091550	0.022160	0.000330	0.010783	0.001748	0.063582	0.040653	0.002067	0.041906	0.096704	0.004036	0.002746	0.004862	0.054088	0.311823	0.154490	0.086802	0.004132	0.003147	0.002390
170	na	3.394250	0.062238	0.003236	0.005389	0.018245	0.000874	0.016661	0.052037	0.078208	0.040261	0.075582	0.010081	0.018997	0.003005	0.009238	0.303022	0.084998	0.060246	0.016454	0.012044	0.129183
171	na	2.978483	0.014954	0.009745	0.031318	0.023171	0.055869	0.112641	0.004971	0.014420	0.006129	0.193132	0.000478	0.101772	0.004717	0.000396	0.007867	0.351360	0.038739	0.013126	0.000138	0.015057
172	na	2.754726	0.075778	0.001044	0.114967	0.494636	0.001307	0.007055	0.022496	0.007954	0.000852	0.026438	0.008247	0.035905	0.044293	0.019504	0.023928	0.032330	0.019969	0.060496	0.001520	0.001279
173	na	2.976107	0.006604	0.000092	0.000504	0.067220	0.007344	0.033410	0.015044	0.033365	0.000407	0.049475	0.001268	0.099764	0.004025	0.011857	0.013263	0.089805	0.098891	0.417418	0.023271	0.026971
174	na	2.619486	0.008649	0.047607	0.032363	0.020927	0.049554	0.007899	0.011953	0.038255	0.006332	0.004617	0.004676	0.044986	0.005572	0.006677	0.021172	0.019773	0.017677	0.009916	0.073245	0.568150
175	na	3.617639	0.018179	0.004349	0.103460	0.002971	0.034548	0.183582	0.027124	0.040334	0.006462	0.049315	0.026391	0.023671	0.056840	0.009200	0.125166	0.180573	0.038693	0.050037	0.006308	0.012797
176	na	3.512402	0.090021	0.001517	0.004182	0.027080	0.000872	0.015637	0.050567	0.030040	0.041377	0.102368	0.046217	0.001600	0.029758	0.007166	0.058017	0.098004	0.254721	0.104415	0.001051	0.035390
177	na	2.436450	0.263821	0.001567	0.000529	0.000681	0.034949	0.003235	0.000887	0.103817	0.000377	0.138361	0.001485	0.000357	0.000160	0.003076	0.002432	0.037396	0.015025	0.377010	0.000412	0.014425
178	na	3.202455	0.073768	0.001032	0.040951	0.039267	0.048489	0.027267	0.008169	0.007600	0.009178	0.229591	0.001771	0.002634	0.004222	0.002707	0.025444	0.183190	0.216257	0.011341	0.009103	0.058018
179	na	3.294757	0.058997	0.008834	0.027803	0.010133	0.074316	0.048681	0.009344	0.009206	0.006205	0.034459	0.005457	0.066037	0.008748	0.068549	0.020040	0.043318	0.280223	0.216590	0.002667	0.000394
180	na	3.498938	0.203590	0.016143	0.033335	0.070070	0.024115	0.017239	0.010797	0.028158	0.011559	0.024546	0.010472	0.103276	0.001891	0.097335	0.016400	0.213340	0.035541	0.069645	0.010045	0.002503
181	na	2.150753	0.004206	0.005207	0.007363	0.003945	0.045192	0.004814	0.010791	0.001427	0.006780	0.005116	0.017918	0.009817	0.002290	0.013883	0.001568	0.003841	0.046963	0.001490	0.467918	0.339472
182	na	3.350465	0.157817	0.004447	0.002669	0.023831	0.013528	0.009266	0.002678	0.114299	0.008376	0.043532	0.004024	0.021080	0.003962	0.002883	0.082795	0.025136	0.221937	0.162471	0.043399	0.051872
183	na	2.112211	0.007339	0.006709	0.018133	0.010819	0.052001	0.049880	0.017840	0.010228	0.028372	0.013477	0.006263	0.685944	0.005688	0.006851	0.007721	0.010250	0.025094	0.019868	0.009668	0.007857
184	na	3.014113	0.011093	0.002341	0.108850	0.005794	0.001337	0.035059	0.002083	0.047237	0.013693	0.291795	0.000320	0.033144	0.000707	0.014518	0.028369	0.127596	0.217082	0.057388	0.000208	0.001387
185	na	3.043496	0.038692	0.014974	0.002616	0.032783	0.019471	0.021386	0.011868	0.098187	0.121455	0.211865	0.010162	0.014464	0.001484	0.014884	0.328786	0.031074	0.001031	0.018100	0.000545	0.006172
186	na	3.018094	0.125427	0.000381	0.108253	0.112589	0.002100	0.107614	0.003413	0.002880	0.005330	0.286032	0.004272	0.025876	0.002159	0.011741	0.045572	0.144271	0.008175	0.000733	0.000212	0.002969
187	na	3.108070	0.100305	0.006553	0.002003	0.041176	0.000848	0.015236	0.018782	0.002253	0.073046	0.077633	0.000497	0.260482	0.000682	0.006280	0.012292	0.139354	0.192627	0.046778	0.000225	0.002946
188	na	3.625131	0.028609	0.003760	0.180927	0.070144	0.137336	0.026039	0.011740	0.008856	0.008594	0.084821	0.034543	0.016624	0.023108	0.005765	0.050712	0.160735	0.050410	0.075976	0.018679	0.002621
189	na	1.791381	0.006879	0.002733	0.005684	0.002955	0.003923	0.005023	0.002323	0.055856	0.002423	0.104140	0.006612	0.002832	0.002754	0.005569	0.018552	0.011855	0.058567	0.696083	0.002542	0.002694
190	na	0.906571	0.005985	0.005611	0.004963	0.002678	0.005431	0.005286	0.006158	0.016772	0.002536	0.895136	0.003140	0.002257	0.007840	0.008229	0.002414	0.008552	0.003438	0.006841	0.004469	0.002265
191	na	1.890676	0.001512	0.003120	0.001496	0.000709	0.007632	0.001270	0.001994	0.288480	0.000785	0.447865	0.000409	0.000660	0.003000	0.000546	0.011850	0.001280	0.009492	0.214699	0.001481	0.001721
192	na	1.921187	0.050323	0.002444	0.001623	0.001781	0.059681	0.004534	0.003153	0.024071	0.001218	0.696542	0.052278	0.001498	0.010323	0.002478	0.022473	0.004392	0.019461	0.016145	0.004512	0.021072
193	na	2.627506	0.010363	0.008229	0.005864	0.021041	0.064493	0.012058	0.019545	0.004437	0.004590	0.008795	0.014288	0.005262	0.009022	0.017563	0.020391	0.021536	0.008310	0.023777	0.389927	0.330510
194	na	1.389212	0.145567	0.002556	0.010813	0.006509	0.012751	0.760840	0.002343	0.004897	0.002664	0.003617	0.001703	0.002043	0.004834	0.005163	0.003912	0.011340	0.002810	0.009055	0.002447	0.004136
195	na	1.874143	0.008621	0.004993	0.004100	0.002408	0.053399	0.007112	0.000960	0.034499	0.000842	0.345515	0.002843	0.002129	0.000996	0.000737	0.002532	0.006930	0.007070	0.507792	0.001440	0.005080
196	na	1.971247	0.007716	0.013093	0.012139	0.007919	0.010789	0.004737	0.701842	0.008364	0.005607	0.036430	0.003337	0.004069	0.003989	0.058102	0.055044	0.014204	0.007221	0.013254	0.026115	0.006029
197	na	3.302342	0.271630	0.001199	0.002824	0.006087	0.043835	0.001732	0.103414	0.065728	0.003565	0.054488	0.059412	0.054734	0.002025	0.011863	0.018712	0.131405	0.005228	0.032966	0.000222	0.128931
198	na	2.192597	0.025485	0.022879	0.009316	0.013996	0.011166	0.009316	0.006233	0.010446	0.005656	0.009595	0.008071	0.006996	0.571112	0.001716	0.013753	0.011220	0.007554	0.233460	0.011469	0.010562
199	na	2.738157	0.034940	0.008572	0.017246	0.098075	0.075118	0.008921	0.020887	0.005668	0.008872	0.030085	0.008763	0.006875	0.027369	0.021830	0.030586	0.531583	0.020528	0.032859	0.009049	0.002173
200	na	2.500391	0.022902	0.014358	0.006566	0.009433	0.004560	0.066326	0.015406	0.003122	0.019408	0.052237	0.005268	0.008264	0.015154	0.011738	0.011702	0.567783	0.121267	0.027811	0.010458	0.006236
201	na	3.025101	0.411649	0.006870	0.022696	0.023328	0.010960	0.043883	0.004712	0.039839	0.008998	0.098876	0.001003	0.010915	0.014354	0.010288	0.094659	0.100345	0.003875	0.020949	0.000400	0.071400
202	na	2.745749	0.040076	0.000656	0.096626	0.432504	0.007836	0.026038	0.001177	0.003688	0.000821	0.073291	0.013860	0.043761	0.022837	0.004705	0.009542	0.186251	0.015612	0.017061	0.002692	0.000966
203	na	2.584750	0.042758	0.005430	0.006827	0.524952	0.008197	0.008708	0.003474	0.034013	0.051772	0.125371	0.001565	0.007657	0.003525	0.004240	0.065908	0.059793	0.028278	0.006059	0.002490	0.008982
204	na	1.980913	0.079842	0.004017	0.004377	0.028354	0.008555	0.003728	0.086892	0.005899	0.006267	0.007584	0.004703	0.010187	0.007071	0.670910	0.009607	0.005241	0.003927	0.044807	0.002307	0.005725
