#SITE	WT_AA	SITE_ENTROPY	PI_A	PI_C	PI_D	PI_E	PI_F	PI_G	PI_H	PI_I	PI_K	PI_L	PI_M	PI_N	PI_P	PI_Q	PI_R	PI_S	PI_T	PI_V	PI_W	PI_Y
2	na	3.638831	0.154531	0.051837	0.002575	0.014868	0.010899	0.015862	0.010034	0.037695	0.043401	0.205652	0.009480	0.021839	0.023198	0.027274	0.082203	0.071557	0.129917	0.046629	0.003044	0.037505
3	na	3.507162	0.140957	0.006848	0.002437	0.008087	0.073766	0.005244	0.006859	0.011617	0.004067	0.037397	0.016965	0.147785	0.024720	0.044024	0.034267	0.229631	0.035989	0.096647	0.023604	0.049086
4	na	3.671093	0.023121	0.079998	0.004737	0.004855	0.010741	0.050168	0.007563	0.106065	0.057248	0.040296	0.014428	0.011224	0.120205	0.008887	0.138268	0.092974	0.139169	0.078041	0.007116	0.004895
5	na	2.800327	0.304580	0.001782	0.014995	0.006870	0.092498	0.007483	0.006294	0.113708	0.004064	0.294294	0.004647	0.009515	0.008976	0.004796	0.029334	0.016644	0.001772	0.003664	0.005165	0.068919
6	na	2.793972	0.051602	0.006849	0.005372	0.004308	0.090223	0.013886	0.001808	0.058663	0.013735	0.335161	0.011880	0.002201	0.002569	0.008637	0.008872	0.305178	0.037426	0.023902	0.003099	0.014630
7	na	2.766136	0.066752	0.043950	0.002013	0.019391	0.003326	0.012502	0.007150	0.001472	0.001141	0.431234	0.000893	0.015418	0.004456	0.028079	0.030636	0.007293	0.073281	0.200353	0.006192	0.044468
8	na	2.460153	0.088675	0.024742	0.001193	0.007455	0.023652	0.021179	0.000590	0.060771	0.001286	0.572150	0.004719	0.001405	0.013792	0.011825	0.081314	0.026281	0.027102	0.013203	0.002091	0.016575
9	na	2.848722	0.018289	0.022135	0.009138	0.004021	0.041820	0.006416	0.001277	0.081040	0.004208	0.470965	0.060765	0.009126	0.022687	0.002879	0.077217	0.010812	0.007579	0.024438	0.109782	0.015406
10	na	3.092782	0.269643	0.082619	0.007153	0.000798	0.001029	0.003420	0.013650	0.066262	0.006251	0.032109	0.010488	0.019385	0.005061	0.007012	0.051480	0.272790	0.028416	0.049008	0.000427	0.072999
11	na	3.379630	0.113052	0.008055	0.001646	0.002652	0.045121	0.021521	0.006870	0.183243	0.004732	0.059287	0.014582	0.011916	0.062205	0.002578	0.029835	0.115022	0.024736	0.240150	0.043143	0.009657
12	na	2.807953	0.025172	0.182618	0.000365	0.001626	0.041188	0.004053	0.013156	0.002706	0.007255	0.368419	0.033909	0.000397	0.032634	0.003443	0.095863	0.160521	0.009050	0.008371	0.005925	0.003330
13	na	3.178100	0.158928	0.013017	0.012220	0.008071	0.048884	0.005716	0.043471	0.008061	0.002550	0.023914	0.009414	0.009907	0.024596	0.048327	0.128132	0.054246	0.016600	0.352713	0.004124	0.027110
14	na	3.592215	0.250209	0.138323	0.004233	0.029865	0.015954	0.011153	0.026977	0.027649	0.026624	0.053888	0.008905	0.103548	0.025448	0.019400	0.026268	0.108162	0.073686	0.026280	0.012216	0.011212
15	na	2.895405	0.126098	0.021832	0.006175	0.005605	0.002792	0.008486	0.002783	0.355523	0.005375	0.018169	0.003765	0.010438	0.020396	0.004478	0.008043	0.093189	0.206254	0.074972	0.006133	0.019493
16	na	3.006754	0.263203	0.004754	0.035152	0.058275	0.001808	0.010106	0.063278	0.005443	0.143193	0.001575	0.008301	0.000955	0.000989	0.002350	0.162367	0.192938	0.004762	0.010053	0.006984	0.023512
17	na	2.528492	0.490839	0.009489	0.007988	0.008435	0.008579	0.243988	0.008821	0.009925	0.039844	0.046338	0.005278	0.007891	0.021591	0.017152	0.014485	0.018160	0.014326	0.014730	0.007789	0.004353
18	na	2.766349	0.035430	0.025783	0.543169	0.022842	0.014348	0.008955	0.018695	0.008734	0.009130	0.032358	0.003683	0.013301	0.027184	0.051540	0.078094	0.019951	0.020796	0.011118	0.005623	0.049268
19	na	3.541603	0.001847	0.000644	0.002530	0.056101	0.007588	0.005122	0.022724	0.021221	0.017767	0.090168	0.019460	0.160217	0.002786	0.073119	0.113883	0.095667	0.151072	0.094287	0.001747	0.062049
20	na	2.693047	0.020297	0.002888	0.002982	0.008993	0.016472	0.004653	0.001998	0.446234	0.045990	0.216923	0.027822	0.008080	0.013118	0.022271	0.028731	0.095245	0.005202	0.015612	0.002293	0.014197
21	na	2.583080	0.015705	0.580421	0.014109	0.007097	0.006838	0.002840	0.020292	0.007463	0.072160	0.037092	0.017503	0.007867	0.029559	0.023271	0.019347	0.038638	0.014122	0.064134	0.008396	0.013146
22	na	2.226923	0.007108	0.009343	0.000894	0.012436	0.012641	0.007943	0.017208	0.331030	0.013582	0.468113	0.003577	0.002540	0.003283	0.004309	0.028289	0.037814	0.030440	0.006154	0.000918	0.002378
23	na	1.988107	0.045117	0.008417	0.015375	0.007075	0.002987	0.702660	0.003131	0.012495	0.003320	0.016269	0.003978	0.012406	0.063390	0.009727	0.020746	0.004909	0.013639	0.027107	0.009039	0.018215
24	na	2.768998	0.006538	0.017171	0.009070	0.006017	0.039584	0.005003	0.011633	0.018319	0.010588	0.024314	0.034287	0.006435	0.003450	0.110111	0.043531	0.026636	0.016577	0.109355	0.004467	0.496916
25	na	2.535452	0.020485	0.011286	0.002619	0.001256	0.001107	0.006038	0.135646	0.006778	0.003270	0.439979	0.013738	0.001204	0.004903	0.010349	0.005156	0.172852	0.123080	0.032678	0.000768	0.006810
26	na	2.330615	0.542963	0.006518	0.002426	0.003036	0.003828	0.007825	0.007593	0.012785	0.007411	0.005357	0.010712	0.047372	0.018647	0.025938	0.010801	0.207835	0.058204	0.007432	0.001927	0.011391
27	na	2.727088	0.024877	0.007677	0.011535	0.010361	0.012860	0.018441	0.009532	0.008813	0.102275	0.072116	0.006584	0.526232	0.036944	0.004187	0.051042	0.034805	0.034182	0.005388	0.004600	0.017548
28	na	2.683067	0.028818	0.011789	0.273648	0.019063	0.020417	0.083169	0.010619	0.003459	0.014722	0.018552	0.007128	0.418854	0.002851	0.015691	0.017437	0.006420	0.017005	0.003617	0.005620	0.021119
29	na	2.051473	0.130326	0.011101	0.001321	0.001726	0.002906	0.026913	0.008828	0.001466	0.014172	0.006159	0.002446	0.012635	0.001742	0.008873	0.018841	0.632325	0.081229	0.032611	0.001142	0.003240
30	na	2.297163	0.002083	0.001709	0.001544	0.009130	0.009394	0.009571	0.004473	0.010164	0.007816	0.024636	0.005258	0.220767	0.040197	0.009624	0.008821	0.122151	0.504241	0.004698	0.002201	0.001521
31	na	2.885786	0.043899	0.001404	0.264586	0.102452	0.026815	0.035066	0.110295	0.007413	0.004049	0.005051	0.001817	0.022513	0.003968	0.002812	0.004918	0.014615	0.008526	0.317093	0.004681	0.018026
32	na	2.653126	0.062045	0.020290	0.002875	0.006815	0.003281	0.001518	0.008572	0.003191	0.005984	0.097026	0.005453	0.005152	0.029273	0.014482	0.038140	0.162555	0.478795	0.040156	0.009871	0.004525
33	na	2.295315	0.033532	0.016948	0.009607	0.004321	0.002322	0.013703	0.001383	0.209971	0.003063	0.035437	0.004146	0.000899	0.004108	0.002200	0.005324	0.147633	0.002625	0.491311	0.000729	0.010737
34	na	2.864735	0.007555	0.002918	0.415044	0.018174	0.020904	0.031659	0.001248	0.017987	0.012500	0.050936	0.002352	0.017916	0.194211	0.002512	0.008332	0.014243	0.078070	0.080602	0.002699	0.020138
35	na	1.953195	0.054038	0.003756	0.010172	0.008015	0.004058	0.022903	0.008291	0.011198	0.002581	0.032814	0.012048	0.033414	0.010738	0.008717	0.013991	0.009556	0.713708	0.011335	0.002778	0.025888
36	na	2.879140	0.051997	0.029986	0.001628	0.003168	0.002696	0.006243	0.001647	0.291325	0.003015	0.031103	0.200507	0.002179	0.043376	0.013789	0.017158	0.059040	0.230449	0.002056	0.003068	0.005571
37	na	2.569435	0.018742	0.006733	0.000587	0.005039	0.007437	0.001217	0.002210	0.009595	0.003103	0.184651	0.000633	0.002879	0.008697	0.027563	0.085543	0.188986	0.407284	0.002433	0.009095	0.027573
38	na	3.026699	0.049120	0.006205	0.014569	0.360603	0.005828	0.123386	0.021705	0.031922	0.006066	0.006172	0.003227	0.014592	0.004744	0.053785	0.170333	0.093704	0.008868	0.008388	0.003521	0.013262
39	na	1.041504	0.001795	0.001268	0.001936	0.007938	0.001380	0.002084	0.004112	0.002608	0.060245	0.007884	0.002318	0.005838	0.017066	0.001516	0.857116	0.007651	0.008129	0.004684	0.002490	0.001942
40	na	3.160561	0.035803	0.013294	0.023423	0.072773	0.009597	0.159100	0.014414	0.010552	0.058323	0.018420	0.019561	0.395024	0.006463	0.031053	0.032998	0.058148	0.010587	0.008938	0.009430	0.012099
41	na	2.586135	0.009863	0.008705	0.004770	0.011315	0.025099	0.023788	0.004919	0.341495	0.013520	0.028379	0.015869	0.004985	0.004715	0.017716	0.028430	0.006860	0.021950	0.398365	0.020704	0.008552
42	na	3.276028	0.118638	0.156940	0.006784	0.000728	0.160426	0.152998	0.005858	0.011355	0.037008	0.014794	0.001914	0.004215	0.110338	0.002782	0.013838	0.000155	0.018630	0.152496	0.017787	0.012316
43	na	3.180913	0.035867	0.019071	0.022887	0.023863	0.010702	0.058588	0.028442	0.018177	0.050720	0.000718	0.027732	0.023493	0.019852	0.029265	0.042354	0.027429	0.050380	0.459401	0.012186	0.038874
44	na	1.514860	0.008575	0.005087	0.042616	0.008223	0.004779	0.008739	0.008578	0.011833	0.008634	0.011511	0.004675	0.002987	0.000712	0.015800	0.007180	0.027396	0.794726	0.007101	0.003960	0.016888
45	na	3.049807	0.062617	0.015927	0.025010	0.024165	0.021911	0.021630	0.271654	0.007859	0.005717	0.058736	0.010829	0.036718	0.004241	0.064229	0.006048	0.323649	0.018088	0.004505	0.002595	0.013873
46	na	2.132957	0.011126	0.007369	0.015082	0.005828	0.068064	0.010909	0.010092	0.006139	0.007577	0.111468	0.003212	0.029625	0.013563	0.012037	0.012476	0.647115	0.008811	0.005490	0.011280	0.002738
47	na	2.963333	0.018745	0.012149	0.006687	0.003919	0.135080	0.002739	0.005480	0.068241	0.004419	0.054167	0.002047	0.001620	0.005691	0.035627	0.058877	0.010810	0.020574	0.336942	0.005584	0.210602
48	na	2.965730	0.005150	0.010149	0.017897	0.093833	0.028133	0.005424	0.004350	0.004111	0.022041	0.024195	0.015616	0.267281	0.020331	0.029187	0.012070	0.340336	0.068035	0.006237	0.022083	0.003539
49	na	1.932632	0.004457	0.003387	0.004646	0.003824	0.013166	0.005715	0.003459	0.030757	0.006004	0.702321	0.002768	0.007675	0.065787	0.012099	0.033149	0.052729	0.015356	0.011716	0.001884	0.019102
50	na	1.299870	0.003207	0.008526	0.008156	0.009544	0.009789	0.021398	0.003237	0.007909	0.018222	0.833663	0.002640	0.002342	0.004752	0.002784	0.020852	0.007101	0.013587	0.015256	0.004247	0.002786
51	na	2.619821	0.232976	0.022704	0.006550	0.122734	0.001223	0.001716	0.007113	0.026035	0.009985	0.010277	0.002282	0.011695	0.003138	0.011650	0.009306	0.021270	0.007055	0.424254	0.003912	0.064125
52	na	3.242323	0.096371	0.007950	0.135475	0.013297	0.005665	0.115704	0.009631	0.048745	0.013132	0.022330	0.004137	0.053560	0.011416	0.002084	0.005858	0.309973	0.086042	0.050468	0.002521	0.005640
53	na	3.194787	0.202751	0.001318	0.005507	0.039972	0.034985	0.274756	0.007367	0.003509	0.080986	0.032578	0.001208	0.016357	0.004084	0.037886	0.018609	0.130881	0.027106	0.075977	0.001953	0.002211
54	na	2.736990	0.062051	0.013026	0.004775	0.005881	0.002342	0.005286	0.181324	0.077020	0.002350	0.006839	0.071162	0.001116	0.033545	0.015985	0.002585	0.041641	0.443279	0.018701	0.003247	0.007846
55	na	3.190419	0.006886	0.010433	0.060029	0.004754	0.015072	0.059300	0.004849	0.028910	0.024015	0.035746	0.023605	0.350063	0.004569	0.016418	0.025198	0.082568	0.182808	0.055434	0.003705	0.005640
56	na	2.306678	0.006431	0.009188	0.047462	0.037083	0.009231	0.576546	0.004649	0.005434	0.004915	0.009244	0.003812	0.035963	0.013448	0.012672	0.173948	0.027153	0.007015	0.007965	0.003935	0.003906
57	na	3.262899	0.178658	0.006986	0.012524	0.003833	0.251121	0.057857	0.003169	0.017388	0.188877	0.063569	0.027536	0.030801	0.007086	0.010004	0.073916	0.014423	0.004384	0.031247	0.007497	0.009125
58	na	1.754716	0.008920	0.003531	0.004450	0.021283	0.006957	0.010994	0.023588	0.031963	0.006669	0.756414	0.010522	0.002501	0.019821	0.013326	0.010198	0.035850	0.010841	0.004750	0.010344	0.007080
59	na	2.933895	0.028246	0.453793	0.025089	0.021524	0.028549	0.025636	0.014714	0.013041	0.001904	0.019701	0.033952	0.031805	0.017282	0.189843	0.015798	0.024676	0.017515	0.021095	0.007732	0.008102
60	na	3.318684	0.080314	0.011823	0.029096	0.017427	0.047130	0.007653	0.013969	0.008043	0.084309	0.109329	0.012878	0.104724	0.004086	0.003810	0.327267	0.074835	0.035816	0.004774	0.013653	0.009064
61	na	2.313220	0.010348	0.007815	0.000619	0.008295	0.007728	0.013672	0.002915	0.215528	0.004761	0.524710	0.033865	0.011744	0.010813	0.001268	0.020003	0.004232	0.008980	0.096357	0.001640	0.014707
62	na	2.768604	0.055011	0.000542	0.000416	0.125760	0.008347	0.053899	0.192293	0.000917	0.053376	0.017562	0.001343	0.377842	0.000716	0.006609	0.077748	0.013680	0.001727	0.000685	0.001048	0.010480
63	na	2.420129	0.012790	0.007047	0.008809	0.013345	0.006757	0.587923	0.028869	0.006057	0.005807	0.007117	0.005061	0.123530	0.010161	0.048864	0.050404	0.020491	0.025927	0.011104	0.004734	0.015203
64	na	2.267702	0.014306	0.002566	0.002841	0.007778	0.020589	0.004587	0.000445	0.094624	0.002916	0.028091	0.010643	0.013841	0.001730	0.126991	0.577516	0.007400	0.064022	0.017332	0.000921	0.000860
65	na	3.636499	0.138381	0.000850	0.006073	0.071388	0.010305	0.098446	0.100991	0.007642	0.013940	0.076713	0.031119	0.094355	0.068240	0.005842	0.146650	0.036513	0.074724	0.015274	0.000699	0.001853
66	na	2.120683	0.087312	0.011947	0.022789	0.007408	0.005040	0.020276	0.033738	0.009490	0.006120	0.007401	0.005834	0.006061	0.669389	0.001758	0.017813	0.021669	0.006291	0.029872	0.004640	0.025151
67	na	2.348905	0.006029	0.003687	0.008412	0.003723	0.021993	0.002680	0.033077	0.125539	0.014821	0.598560	0.011628	0.017495	0.010352	0.005016	0.004774	0.038177	0.049942	0.017162	0.003054	0.023877
68	na	3.380739	0.073906	0.006590	0.001795	0.043637	0.026561	0.023874	0.002776	0.193097	0.013482	0.240182	0.136811	0.002557	0.037380	0.073802	0.035527	0.015428	0.012395	0.045259	0.002516	0.012426
69	na	1.386336	0.004562	0.004046	0.027050	0.004142	0.002277	0.012494	0.009914	0.015146	0.002484	0.808805	0.004589	0.006284	0.003706	0.003734	0.004717	0.049777	0.005450	0.023860	0.004659	0.002303
70	na	2.765859	0.016098	0.005412	0.016170	0.007897	0.013052	0.167285	0.009963	0.001016	0.018165	0.054204	0.020907	0.035152	0.005184	0.075701	0.476136	0.023957	0.026781	0.007771	0.000909	0.018241
71	na	1.880621	0.003336	0.003023	0.001548	0.005406	0.002389	0.059329	0.003370	0.003451	0.030090	0.007534	0.002164	0.021214	0.016154	0.056179	0.024077	0.056087	0.698036	0.002466	0.002898	0.001249
72	na	2.533838	0.029436	0.534797	0.004896	0.017800	0.039158	0.004201	0.019067	0.006604	0.005369	0.050162	0.018544	0.004955	0.007821	0.012345	0.006859	0.011108	0.036124	0.172529	0.004967	0.013257
73	na	2.972153	0.089895	0.001123	0.032929	0.001966	0.003007	0.079987	0.040381	0.001514	0.017831	0.003829	0.022180	0.150778	0.007116	0.033115	0.014503	0.387218	0.094068	0.010884	0.001483	0.006192
74	na	1.946017	0.001422	0.000437	0.001506	0.000238	0.052891	0.001414	0.002566	0.124825	0.001051	0.205797	0.015413	0.001103	0.000845	0.013814	0.002777	0.001619	0.005311	0.560389	0.005504	0.001077
75	na	3.122432	0.022613	0.009636	0.001062	0.008458	0.012492	0.017367	0.014148	0.297187	0.021421	0.143884	0.008536	0.025349	0.010407	0.009695	0.036064	0.053452	0.228360	0.068426	0.001474	0.009970
76	na	1.892054	0.041321	0.020154	0.021457	0.012267	0.006043	0.720684	0.004653	0.004771	0.004521	0.005260	0.011517	0.006639	0.007916	0.004546	0.013752	0.036761	0.007535	0.056443	0.005608	0.008152
77	na	2.983668	0.031985	0.022845	0.023563	0.011609	0.014776	0.026605	0.007853	0.013579	0.019168	0.009111	0.019564	0.010648	0.010997	0.010353	0.030566	0.116089	0.079623	0.069554	0.464228	0.007284
78	na	1.293393	0.018839	0.002309	0.006031	0.011884	0.007559	0.003250	0.006217	0.006266	0.003421	0.830500	0.005806	0.003244	0.012988	0.002156	0.004422	0.032152	0.009739	0.026796	0.003293	0.003127
79	na	1.980952	0.031338	0.009488	0.007262	0.001347	0.004056	0.006347	0.003846	0.121857	0.001486	0.667352	0.006040	0.002529	0.006023	0.003544	0.028553	0.013558	0.023403	0.044458	0.004575	0.012938
80	na	1.765760	0.068394	0.002449	0.002723	0.004921	0.006015	0.740399	0.002512	0.009809	0.006255	0.025557	0.007685	0.015208	0.031984	0.016873	0.006913	0.017601	0.010083	0.015795	0.006387	0.002436
81	na	2.707607	0.006030	0.003178	0.002854	0.003905	0.001249	0.011443	0.275817	0.037072	0.036150	0.018974	0.001461	0.371029	0.001165	0.019990	0.008983	0.110425	0.056474	0.020626	0.008424	0.004751
82	na	1.743218	0.004264	0.010452	0.005418	0.008591	0.008168	0.002543	0.002845	0.006721	0.001689	0.066368	0.000727	0.016795	0.735639	0.004596	0.028099	0.016121	0.051790	0.018071	0.002139	0.008963
83	na	3.289430	0.351645	0.002791	0.063209	0.119577	0.016660	0.081619	0.011205	0.027990	0.012373	0.068762	0.009377	0.072298	0.000325	0.001083	0.029541	0.021847	0.026126	0.048778	0.005602	0.029192
84	na	1.991406	0.004586	0.701355	0.017433	0.004695	0.010893	0.014079	0.004977	0.004995	0.012501	0.010138	0.008808	0.044199	0.069174	0.009334	0.029498	0.007953	0.008346	0.005542	0.021503	0.009991
85	na	2.395822	0.019683	0.011337	0.344142	0.432021	0.001483	0.024825	0.009792	0.008465	0.001737	0.028919	0.012960	0.003728	0.014342	0.006111	0.014924	0.007993	0.011279	0.020445	0.002065	0.023748
86	na	3.688129	0.109908	0.027934	0.164162	0.012697	0.001198	0.028067	0.038981	0.158426	0.023777	0.028581	0.007570	0.009545	0.015645	0.086188	0.048046	0.104441	0.043819	0.015508	0.001737	0.073770
87	na	2.246267	0.044887	0.006574	0.048150	0.002197	0.001763	0.011055	0.005826	0.089395	0.003848	0.627996	0.019490	0.001818	0.018897	0.008543	0.019508	0.038733	0.003277	0.036971	0.005000	0.006070
88	na	3.194367	0.076196	0.002511	0.006364	0.006797	0.000645	0.090308	0.004903	0.064301	0.013724	0.261717	0.218525	0.009100	0.006338	0.058604	0.004916	0.101943	0.028091	0.033453	0.001704	0.009858
89	na	3.179264	0.050722	0.000161	0.018564	0.012292	0.006739	0.025797	0.027742	0.184441	0.009442	0.328173	0.001047	0.010530	0.085636	0.007841	0.044505	0.083670	0.024650	0.011974	0.000071	0.066003
90	na	3.350746	0.096961	0.007764	0.069154	0.017470	0.030670	0.063176	0.060301	0.030559	0.007908	0.052662	0.003945	0.016966	0.028955	0.000269	0.014671	0.114303	0.335913	0.032975	0.001025	0.014353
91	na	3.247794	0.046315	0.007509	0.009147	0.025747	0.000388	0.024631	0.171984	0.010385	0.014000	0.026155	0.000872	0.207115	0.003408	0.031260	0.222413	0.026448	0.017077	0.121901	0.001444	0.031802
92	na	3.392616	0.012173	0.000104	0.004878	0.071301	0.065210	0.051608	0.001957	0.095632	0.002259	0.086271	0.236289	0.004514	0.009188	0.002555	0.025093	0.125815	0.131536	0.019861	0.002863	0.050893
93	na	3.030053	0.007773	0.020880	0.017684	0.018684	0.394976	0.008725	0.021983	0.011472	0.014724	0.088235	0.004494	0.005147	0.051824	0.014109	0.012439	0.061450	0.030249	0.020092	0.190352	0.004709
94	na	1.801688	0.095246	0.013549	0.020152	0.019463	0.006843	0.030016	0.004894	0.005338	0.002651	0.004315	0.002250	0.004036	0.005863	0.017984	0.010930	0.722792	0.008364	0.007624	0.002830	0.014859
95	na	2.132920	0.003567	0.006703	0.010689	0.006138	0.003596	0.030920	0.025595	0.009500	0.030137	0.080887	0.006333	0.007438	0.037056	0.006084	0.007465	0.010261	0.039426	0.009319	0.004109	0.664777
96	na	2.353510	0.007635	0.003615	0.001687	0.004413	0.007333	0.009246	0.005075	0.412072	0.004611	0.294016	0.002662	0.003794	0.007357	0.016467	0.003838	0.017494	0.038685	0.153671	0.003173	0.003156
97	na	2.168825	0.017532	0.021664	0.016692	0.005672	0.003380	0.005143	0.020802	0.288465	0.001900	0.005975	0.010217	0.002294	0.005872	0.008170	0.006811	0.016287	0.024095	0.526064	0.004647	0.008318
98	na	2.532740	0.011787	0.005919	0.015552	0.461052	0.005857	0.013278	0.010859	0.009101	0.010052	0.127226	0.011515	0.007076	0.009358	0.225626	0.043622	0.006297	0.004319	0.009498	0.007845	0.004161
99	na	2.494753	0.071051	0.000664	0.006320	0.013230	0.007583	0.001861	0.058256	0.004000	0.009348	0.093331	0.000073	0.001122	0.006689	0.524355	0.078128	0.058697	0.060117	0.001688	0.003417	0.000073
100	na	3.613066	0.141217	0.001098	0.011757	0.035641	0.000794	0.074879	0.019293	0.029601	0.011033	0.123831	0.000922	0.028940	0.162475	0.068429	0.041526	0.017085	0.038904	0.125651	0.000638	0.066285
101	na	3.469886	0.097049	0.023776	0.140836	0.018257	0.011464	0.014187	0.008028	0.007708	0.028991	0.214156	0.009485	0.134961	0.022228	0.010216	0.045562	0.150016	0.033815	0.007817	0.007933	0.013515
102	na	2.955966	0.074544	0.042012	0.000905	0.001283	0.006515	0.174506	0.000842	0.005255	0.001092	0.005675	0.002757	0.004359	0.033875	0.011235	0.039989	0.220190	0.144737	0.227887	0.000978	0.001366
103	na	2.825158	0.004485	0.003400	0.003100	0.049419	0.002813	0.002577	0.015016	0.371305	0.003574	0.171983	0.000591	0.004850	0.126479	0.010902	0.025921	0.041672	0.020692	0.130940	0.000159	0.010122
104	na	3.991720	0.087647	0.022020	0.007176	0.077285	0.084992	0.029493	0.085512	0.025537	0.077067	0.108147	0.014539	0.079587	0.003637	0.034749	0.020841	0.085762	0.042569	0.027884	0.018545	0.067011
105	na	2.209331	0.023155	0.006896	0.006451	0.008047	0.004245	0.636513	0.001515	0.004098	0.001512	0.023118	0.002447	0.002070	0.030194	0.009634	0.049837	0.084149	0.020932	0.006668	0.024515	0.054004
106	na	2.523922	0.104710	0.000376	0.002270	0.001989	0.001323	0.020099	0.001104	0.014233	0.000308	0.049793	0.004910	0.005708	0.307648	0.011819	0.001288	0.119877	0.016316	0.334874	0.000982	0.000372
107	na	2.094670	0.006271	0.681449	0.007962	0.002752	0.013518	0.007354	0.011788	0.027064	0.006627	0.007691	0.054362	0.006248	0.015849	0.010536	0.061779	0.009800	0.028026	0.005671	0.025727	0.009528
108	na	2.910047	0.072898	0.007653	0.008191	0.009231	0.069904	0.007965	0.007283	0.059983	0.006479	0.052835	0.038173	0.021898	0.023315	0.003292	0.045853	0.020917	0.034679	0.013631	0.005270	0.490547
109	na	1.851641	0.006830	0.005486	0.002079	0.016089	0.002639	0.002544	0.008805	0.003313	0.014914	0.196779	0.002509	0.004561	0.645636	0.003733	0.046054	0.008533	0.009774	0.009617	0.007461	0.002644
110	na	1.971498	0.010987	0.033896	0.007979	0.015331	0.005473	0.704592	0.003466	0.011557	0.005092	0.006027	0.007640	0.004228	0.023196	0.012545	0.007503	0.061367	0.012075	0.049113	0.006209	0.011725
111	na	3.169983	0.067163	0.003248	0.105159	0.009748	0.009335	0.047075	0.014134	0.031667	0.026223	0.255208	0.004600	0.001393	0.276908	0.002185	0.035624	0.038881	0.039340	0.007179	0.004368	0.020563
112	na	1.837812	0.006068	0.004819	0.003122	0.002420	0.073978	0.007590	0.009400	0.017811	0.003260	0.715343	0.010689	0.005371	0.004092	0.001631	0.008603	0.022655	0.052299	0.012426	0.035371	0.003054
113	na	2.552472	0.196892	0.011584	0.006639	0.006651	0.010145	0.003338	0.008622	0.060233	0.006369	0.168023	0.003974	0.009389	0.000913	0.000978	0.065944	0.420009	0.003805	0.002531	0.001470	0.012491
114	na	2.956021	0.321320	0.011878	0.080917	0.028664	0.009203	0.027764	0.009876	0.001982	0.002914	0.069517	0.000707	0.113774	0.007717	0.049463	0.009844	0.232041	0.002759	0.000208	0.001584	0.017872
115	na	3.266698	0.104910	0.003442	0.008896	0.005821	0.028115	0.029311	0.006185	0.118333	0.001386	0.129704	0.014452	0.005631	0.015854	0.015514	0.016476	0.290965	0.059448	0.031935	0.000265	0.113359
116	na	2.869905	0.289466	0.017719	0.003634	0.366261	0.006552	0.050014	0.009988	0.011388	0.008578	0.021458	0.012184	0.008087	0.055329	0.036527	0.012006	0.039489	0.007370	0.016737	0.003549	0.023666
117	na	2.805325	0.019696	0.003792	0.030288	0.522978	0.009729	0.117507	0.007328	0.031788	0.035496	0.010376	0.015746	0.020277	0.029320	0.022563	0.026034	0.025539	0.021031	0.006661	0.036971	0.006881
118	na	1.556118	0.034511	0.008011	0.004215	0.004177	0.006264	0.009861	0.002384	0.019964	0.012363	0.790365	0.016336	0.003013	0.015911	0.005935	0.017659	0.005350	0.015140	0.005843	0.002577	0.020122
119	na	2.958228	0.009585	0.010234	0.002525	0.009465	0.008542	0.011251	0.075199	0.083542	0.074515	0.039443	0.000686	0.003365	0.003046	0.002629	0.414568	0.009980	0.056962	0.066831	0.005251	0.112383
120	na	3.038286	0.026588	0.019222	0.012379	0.474588	0.019862	0.016048	0.010115	0.017352	0.014157	0.028388	0.035849	0.057927	0.005672	0.024216	0.060277	0.095646	0.011630	0.016724	0.012443	0.040915
121	na	3.182208	0.052357	0.014325	0.019645	0.011576	0.029343	0.008846	0.093029	0.014496	0.022011	0.049065	0.006170	0.029784	0.011419	0.415570	0.010732	0.077962	0.032805	0.010301	0.007443	0.083122
122	na	1.442933	0.008755	0.003438	0.005919	0.003504	0.003555	0.002565	0.005136	0.066884	0.004305	0.793017	0.008723	0.003393	0.004643	0.006225	0.004564	0.021144	0.015505	0.031083	0.003252	0.004390
123	na	2.923533	0.079525	0.008969	0.007645	0.087565	0.002620	0.255532	0.002590	0.007028	0.006803	0.014722	0.002143	0.004062	0.011545	0.024307	0.029807	0.300686	0.124480	0.026174	0.002487	0.001311
124	na	3.145625	0.019142	0.009875	0.067275	0.037937	0.011081	0.190637	0.002101	0.005382	0.007929	0.012135	0.049880	0.013300	0.008361	0.011784	0.199265	0.274533	0.005816	0.031551	0.001578	0.040436
125	na	2.667283	0.265351	0.014244	0.001327	0.001803	0.005137	0.001595	0.001735	0.136350	0.003082	0.020599	0.009533	0.001717	0.000944	0.005600	0.001147	0.083880	0.189373	0.251691	0.001865	0.003029
126	na	2.956525	0.075888	0.001531	0.095495	0.003932	0.008240	0.005007	0.005940	0.069167	0.015503	0.414805	0.009210	0.029404	0.000698	0.034939	0.026447	0.105189	0.081515	0.012375	0.000163	0.004552
127	na	3.320938	0.054682	0.004279	0.003804	0.009075	0.105155	0.029710	0.001485	0.005173	0.101977	0.032826	0.003824	0.029376	0.003067	0.021254	0.159051	0.252216	0.053338	0.117548	0.002850	0.009312
128	na	3.103629	0.030033	0.018237	0.002044	0.003832	0.121902	0.001957	0.001703	0.182786	0.007922	0.263558	0.029715	0.000951	0.001963	0.015988	0.002445	0.011753	0.052206	0.095227	0.146608	0.009170
129	na	3.461340	0.031913	0.007491	0.026969	0.279293	0.014726	0.008682	0.063129	0.032591	0.014136	0.092050	0.008954	0.072910	0.006850	0.010520	0.063301	0.158681	0.009189	0.033614	0.003298	0.061703
130	na	1.482854	0.007709	0.006383	0.004600	0.010560	0.006072	0.009399	0.006307	0.009909	0.010693	0.021165	0.009029	0.006990	0.022549	0.007968	0.809060	0.012691	0.011981	0.017168	0.003837	0.005929
131	na	2.956381	0.035018	0.015796	0.029642	0.018652	0.462630	0.018859	0.010321	0.167611	0.013839	0.019548	0.009613	0.013905	0.012480	0.013391	0.024819	0.016694	0.053900	0.024699	0.010393	0.028191
132	na	3.006497	0.008841	0.005981	0.013472	0.173249	0.005338	0.003831	0.008304	0.003173	0.007311	0.082009	0.007243	0.035375	0.272348	0.050296	0.054941	0.012771	0.004064	0.238959	0.006674	0.005820
133	na	2.999375	0.121709	0.018765	0.009439	0.008820	0.127232	0.015057	0.010598	0.436739	0.015077	0.016162	0.014777	0.048477	0.016971	0.006518	0.042814	0.022343	0.011956	0.036149	0.012134	0.008265
134	na	2.572624	0.014722	0.021716	0.015252	0.010706	0.456061	0.004982	0.006807	0.012073	0.005979	0.017834	0.283600	0.009729	0.008657	0.008300	0.041934	0.013087	0.020795	0.015432	0.016073	0.016262
135	na	2.487477	0.029861	0.001909	0.516064	0.006273	0.005829	0.002925	0.004853	0.004972	0.054310	0.011234	0.000913	0.050010	0.143918	0.019074	0.010551	0.110491	0.015717	0.000871	0.002672	0.007554
136	na	3.386640	0.150186	0.002623	0.071559	0.001096	0.260713	0.038730	0.015709	0.002022	0.096110	0.073488	0.004768	0.010570	0.024579	0.015754	0.078770	0.088765	0.029078	0.031814	0.003171	0.000495
137	na	3.324120	0.222547	0.000978	0.008939	0.199171	0.004967	0.053524	0.028510	0.009288	0.004000	0.043673	0.002180	0.059071	0.036605	0.007066	0.010201	0.124090	0.041260	0.124715	0.000781	0.018437
138	na	3.185648	0.027252	0.000245	0.000958	0.097293	0.001179	0.195259	0.012717	0.046817	0.004371	0.276344	0.007525	0.042306	0.015115	0.008689	0.102007	0.099871	0.034858	0.022130	0.002053	0.003014
139	na	2.551680	0.518333	0.003689	0.001012	0.004385	0.007032	0.069654	0.005522	0.002967	0.019940	0.012117	0.006315	0.036268	0.000268	0.041631	0.014178	0.151770	0.041870	0.050407	0.009881	0.002764
140	na	2.923974	0.026659	0.016541	0.003006	0.025943	0.362829	0.087060	0.011180	0.012988	0.002922	0.008091	0.038938	0.005695	0.002739	0.011517	0.005702	0.010620	0.062305	0.010356	0.250179	0.044729
141	na	3.199292	0.008367	0.082755	0.013155	0.023689	0.002892	0.051846	0.009959	0.029460	0.001613	0.029552	0.029891	0.020697	0.321772	0.044394	0.018983	0.228547	0.015708	0.052267	0.005368	0.009083
142	na	2.551688	0.014168	0.014455	0.017889	0.019317	0.005274	0.026812	0.012883	0.012452	0.014939	0.013175	0.003345	0.569304	0.025351	0.024806	0.022339	0.139580	0.010583	0.024084	0.009100	0.020145
143	na	3.089391	0.031299	0.007369	0.003856	0.002096	0.011474	0.004046	0.186960	0.014891	0.002787	0.054293	0.007194	0.068971	0.005023	0.043443	0.032293	0.009471	0.274207	0.015889	0.011185	0.213253
144	na	2.361001	0.049689	0.007051	0.004192	0.001192	0.001681	0.153702	0.013541	0.004889	0.409724	0.017065	0.001220	0.004308	0.003893	0.005858	0.002943	0.018806	0.287248	0.005292	0.002371	0.005335
145	na	3.358438	0.103843	0.033281	0.128141	0.208055	0.053879	0.016897	0.009563	0.025484	0.006229	0.010754	0.011198	0.031596	0.006242	0.002824	0.013723	0.233577	0.026852	0.065323	0.004745	0.007795
146	na	3.942924	0.119460	0.029052	0.017314	0.064588	0.025994	0.096828	0.034972	0.024032	0.026500	0.015612	0.018226	0.086648	0.059952	0.045014	0.026717	0.054670	0.025339	0.084527	0.001824	0.142731
147	na	3.315001	0.089630	0.004525	0.002567	0.027547	0.026202	0.339119	0.009126	0.096594	0.041414	0.024630	0.002457	0.013656	0.070233	0.067956	0.094094	0.030716	0.002028	0.043085	0.003350	0.011071
148	na	3.440868	0.076816	0.004020	0.047207	0.015764	0.019170	0.005900	0.042125	0.040166	0.087943	0.006768	0.006881	0.013143	0.015597	0.001214	0.102415	0.121695	0.169176	0.211975	0.000985	0.011041
149	na	0.866627	0.001582	0.000445	0.001919	0.001323	0.000698	0.000879	0.001740	0.007672	0.004029	0.000417	0.002447	0.004392	0.002599	0.006554	0.000813	0.859448	0.098339	0.001097	0.002283	0.001324
150	na	3.096388	0.201217	0.002488	0.013140	0.005669	0.049946	0.010708	0.000967	0.021799	0.012777	0.191237	0.006159	0.004755	0.003756	0.275811	0.022438	0.072385	0.031561	0.040277	0.000592	0.032317
151	na	2.397010	0.100884	0.020887	0.003435	0.002194	0.009649	0.027497	0.004615	0.004302	0.003536	0.233668	0.001832	0.024586	0.007423	0.007984	0.009763	0.485214	0.041763	0.004226	0.000828	0.005715
152	na	3.114227	0.006898	0.398648	0.021180	0.004599	0.022769	0.006029	0.012472	0.005768	0.073203	0.065218	0.005791	0.009744	0.014085	0.010794	0.048003	0.069334	0.036862	0.042383	0.007311	0.138910
153	na	3.189161	0.013877	0.002624	0.014463	0.014054	0.000791	0.071666	0.000666	0.006936	0.046428	0.025642	0.009269	0.036077	0.299156	0.137826	0.038845	0.066754	0.174069	0.039914	0.000102	0.000842
154	na	3.565394	0.207835	0.002149	0.018612	0.056929	0.004009	0.010948	0.048175	0.111929	0.039296	0.052421	0.001630	0.001431	0.022379	0.043926	0.129084	0.068540	0.011202	0.117251	0.000721	0.051532
155	na	3.546421	0.031541	0.008618	0.003290	0.143573	0.004191	0.015744	0.043475	0.075183	0.004316	0.064885	0.018163	0.000349	0.000394	0.071716	0.119390	0.132425	0.149978	0.022331	0.003458	0.086979
156	na	3.304062	0.053611	0.009506	0.223426	0.076621	0.034586	0.220342	0.008634	0.004120	0.019902	0.010319	0.011191	0.030591	0.018999	0.015610	0.016255	0.135594	0.101452	0.005823	0.001599	0.001821
157	na	2.760511	0.117573	0.000555	0.025930	0.002473	0.001671	0.162470	0.027802	0.005872	0.030662	0.025918	0.017994	0.007962	0.000408	0.005038	0.012040	0.108393	0.420459	0.021096	0.000261	0.005422
158	na	2.917594	0.058534	0.003006	0.001973	0.004712	0.005542	0.002117	0.040539	0.027785	0.073082	0.336114	0.002100	0.003382	0.024538	0.003024	0.037314	0.175808	0.179962	0.015404	0.002735	0.002327
159	na	2.921643	0.311032	0.002291	0.005795	0.002212	0.000545	0.047784	0.103749	0.003024	0.084232	0.011281	0.004835	0.009979	0.006927	0.118537	0.010204	0.223460	0.036047	0.014857	0.001390	0.001820
160	na	2.836013	0.088656	0.015992	0.007882	0.005920	0.510974	0.022131	0.044770	0.011245	0.011494	0.022435	0.021566	0.006157	0.040041	0.005070	0.049046	0.074062	0.013095	0.014637	0.028222	0.006605
161	na	2.413541	0.004552	0.010081	0.016803	0.004946	0.049838	0.005791	0.010024	0.009758	0.007252	0.037594	0.004340	0.010140	0.029283	0.052217	0.022341	0.022562	0.084409	0.009664	0.003871	0.604533
162	na	2.371788	0.003996	0.014595	0.002767	0.017143	0.001626	0.014573	0.019735	0.003688	0.133298	0.004029	0.002311	0.001763	0.008857	0.011163	0.389037	0.331796	0.028850	0.002478	0.003750	0.004547
163	na	2.066194	0.012153	0.006274	0.012077	0.016710	0.007530	0.013502	0.053171	0.011149	0.016016	0.006351	0.005583	0.692773	0.010315	0.007157	0.005274	0.034056	0.053027	0.008798	0.012851	0.015233
164	na	2.014278	0.001969	0.019285	0.002885	0.002372	0.009483	0.002443	0.001333	0.036413	0.003078	0.623072	0.091717	0.001730	0.013798	0.002033	0.009345	0.013199	0.007289	0.148275	0.005215	0.005066
165	na	2.568779	0.081863	0.013279	0.004245	0.020807	0.004964	0.011341	0.020101	0.029324	0.004517	0.546416	0.002758	0.027554	0.002489	0.008658	0.012147	0.044339	0.003858	0.088913	0.002532	0.069897
166	na	3.004389	0.026017	0.022237	0.017589	0.015782	0.058545	0.017800	0.010768	0.008344	0.010188	0.016510	0.019369	0.025388	0.033819	0.013642	0.040976	0.193868	0.008561	0.019052	0.429181	0.012363
167	na	1.988562	0.013426	0.002550	0.001624	0.001625	0.001022	0.001071	0.001219	0.167165	0.001769	0.380361	0.000895	0.004161	0.016063	0.002054	0.004610	0.001097	0.009025	0.384484	0.003754	0.002023
168	na	2.614044	0.002754	0.030499	0.014099	0.012781	0.011118	0.064772	0.002814	0.001670	0.004874	0.404988	0.006056	0.007005	0.001358	0.051013	0.014136	0.056093	0.284301	0.003411	0.001648	0.024610
169	na	3.318454	0.089018	0.027058	0.002909	0.014691	0.022161	0.232944	0.004624	0.029251	0.055407	0.032263	0.002119	0.023751	0.003527	0.003952	0.078081	0.084482	0.069641	0.222116	0.000957	0.001046
170	na	3.819439	0.063802	0.010473	0.023384	0.026216	0.071460	0.043327	0.023588	0.022352	0.068207	0.062598	0.054274	0.012011	0.002435	0.033863	0.208641	0.098552	0.092136	0.045085	0.001948	0.035647
171	na	3.195074	0.152886	0.001483	0.038913	0.001305	0.022918	0.120814	0.005537	0.001450	0.008445	0.213656	0.005324	0.045453	0.000704	0.013524	0.008770	0.222564	0.061529	0.029968	0.002393	0.042364
172	na	3.473331	0.085391	0.012207	0.151827	0.028382	0.004468	0.047483	0.020155	0.032861	0.007288	0.052756	0.003650	0.040572	0.089326	0.045780	0.004071	0.267129	0.018573	0.079180	0.004033	0.004869
173	na	3.577177	0.053831	0.003248	0.000808	0.017533	0.122619	0.053288	0.005356	0.027145	0.002925	0.038795	0.008711	0.040870	0.027708	0.017083	0.022694	0.196296	0.193262	0.071786	0.052353	0.043689
174	na	2.967193	0.011795	0.010695	0.027359	0.025294	0.085320	0.011280	0.010217	0.029151	0.007742	0.038192	0.029371	0.012865	0.006565	0.005080	0.007063	0.021898	0.026698	0.009534	0.245012	0.378870
175	na	3.268873	0.021603	0.006780	0.015928	0.009263	0.011191	0.087187	0.029252	0.009867	0.025144	0.117610	0.035504	0.031252	0.044407	0.000645	0.110224	0.345904	0.011311	0.014101	0.000288	0.072539
176	na	3.497328	0.024977	0.014698	0.001505	0.004776	0.069592	0.060438	0.137174	0.009864	0.047059	0.261737	0.013338	0.005301	0.139584	0.036367	0.038383	0.047762	0.032660	0.030026	0.002088	0.022672
177	na	2.906083	0.179801	0.006924	0.001486	0.001308	0.002131	0.009702	0.005824	0.127670	0.001640	0.251344	0.000514	0.006248	0.002168	0.003705	0.002503	0.081427	0.160909	0.133878	0.005431	0.015388
178	na	3.392293	0.238582	0.003672	0.005570	0.001900	0.017123	0.020551	0.082844	0.021146	0.023366	0.167225	0.002902	0.020198	0.002118	0.004918	0.018350	0.106647	0.089791	0.097720	0.015478	0.059898
179	na	1.982527	0.002277	0.002412	0.000679	0.002339	0.079452	0.119644	0.000764	0.003064	0.005535	0.022457	0.000887	0.034953	0.016094	0.011143	0.003525	0.643899	0.032242	0.017255	0.000559	0.000819
180	na	3.329020	0.035173	0.001528	0.003614	0.104092	0.019414	0.088931	0.013924	0.006797	0.047610	0.026513	0.024801	0.005020	0.008188	0.013727	0.034387	0.260716	0.204757	0.083230	0.008035	0.009544
181	na	2.554830	0.006065	0.005333	0.006045	0.007100	0.298038	0.011892	0.019737	0.003712	0.023621	0.008307	0.016247	0.003421	0.195685	0.004787	0.004763	0.005936	0.003304	0.005806	0.029246	0.340953
182	na	3.632844	0.016147	0.003597	0.062506	0.002085	0.044408	0.018618	0.047843	0.022811	0.021013	0.150660	0.019814	0.039560	0.003465	0.064105	0.067282	0.067625	0.183412	0.146284	0.000633	0.018134
183	na	2.294699	0.006921	0.009597	0.013880	0.024447	0.010208	0.008503	0.009378	0.013554	0.065889	0.008768	0.005032	0.645004	0.037961	0.007902	0.037657	0.016039	0.046303	0.010822	0.007305	0.014828
184	na	2.547847	0.037082	0.001894	0.036425	0.013142	0.018661	0.048682	0.002575	0.002122	0.035582	0.028701	0.005335	0.036791	0.002788	0.005101	0.008183	0.523338	0.031218	0.160870	0.000639	0.000869
185	na	2.951647	0.026277	0.001441	0.001377	0.002384	0.022445	0.012608	0.018567	0.017489	0.113360	0.212054	0.005131	0.020972	0.033064	0.202160	0.013904	0.011892	0.002357	0.277361	0.001735	0.003421
186	na	2.528861	0.069774	0.004637	0.005869	0.034727	0.003121	0.270293	0.014859	0.002141	0.002548	0.035924	0.002811	0.002377	0.026125	0.005693	0.435242	0.051230	0.021424	0.006546	0.002257	0.002402
187	na	3.249270	0.011849	0.038360	0.006596	0.004828	0.007386	0.009375	0.007423	0.239396	0.124948	0.123458	0.001868	0.014068	0.001953	0.045613	0.093068	0.129114	0.003670	0.128391	0.001338	0.007297
188	na	3.274869	0.032916	0.011667	0.089797	0.113365	0.007803	0.014090	0.020500	0.014986	0.012023	0.029000	0.003242	0.009946	0.356634	0.019820	0.017744	0.053260	0.109240	0.063205	0.015648	0.005113
189	na	2.214041	0.050811	0.022494	0.006589	0.004853	0.010562	0.048627	0.003840	0.030180	0.003200	0.096923	0.011098	0.004644	0.006802	0.005531	0.019769	0.020436	0.010398	0.635531	0.002113	0.005599
190	na	1.439613	0.004542	0.003416	0.006557	0.027347	0.012558	0.003552	0.005253	0.016678	0.003399	0.807922	0.008154	0.009011	0.008051	0.013631	0.002509	0.015348	0.008084	0.036354	0.003541	0.004091
191	na	2.201181	0.048335	0.048325	0.003094	0.004412	0.005548	0.006154	0.015730	0.004426	0.001871	0.217530	0.003792	0.002235	0.004812	0.011094	0.029097	0.004972	0.004327	0.558267	0.006449	0.019530
192	na	2.178372	0.012917	0.004401	0.000912	0.002891	0.006192	0.002271	0.003501	0.142629	0.001351	0.420251	0.010906	0.003094	0.015522	0.002394	0.001969	0.011970	0.010503	0.333309	0.004521	0.008497
193	na	3.164182	0.016288	0.004139	0.010011	0.025102	0.071333	0.004871	0.012893	0.005387	0.115399	0.027688	0.017426	0.004464	0.022405	0.009693	0.016367	0.101636	0.011993	0.198169	0.311807	0.012930
194	na	1.023753	0.778367	0.001365	0.002351	0.001165	0.000182	0.186436	0.000681	0.000560	0.000723	0.001102	0.000563	0.000946	0.004147	0.002226	0.000669	0.010859	0.001165	0.004539	0.000566	0.001389
195	na	2.057300	0.008424	0.011477	0.004343	0.002654	0.008399	0.001894	0.002312	0.431843	0.001031	0.110341	0.002481	0.001372	0.021975	0.004273	0.003062	0.007469	0.008246	0.364667	0.001294	0.002445
196	na	2.343463	0.010010	0.004359	0.006559	0.004870	0.011168	0.009373	0.482789	0.017099	0.005816	0.013792	0.003045	0.017147	0.015821	0.021959	0.301363	0.028642	0.028315	0.004699	0.004375	0.008799
197	na	3.132460	0.047956	0.013012	0.423273	0.043981	0.054273	0.069315	0.096204	0.018142	0.002261	0.025517	0.019939	0.041944	0.001883	0.011151	0.025680	0.057427	0.029236	0.015548	0.000537	0.002721
198	na	2.448784	0.029207	0.020789	0.012238	0.023007	0.011905	0.040697	0.011595	0.010208	0.007793	0.014474	0.013432	0.010118	0.624754	0.002334	0.017097	0.034840	0.032660	0.049528	0.009020	0.024304
199	na	2.642080	0.012969	0.017131	0.009086	0.041359	0.009195	0.033709	0.027663	0.016944	0.020916	0.011815	0.008556	0.012836	0.129274	0.020949	0.029867	0.552181	0.015668	0.017219	0.009982	0.002681
200	na	2.647792	0.028583	0.004569	0.008281	0.007715	0.012019	0.446562	0.014184	0.017603	0.005610	0.008054	0.011086	0.068728	0.019119	0.005575	0.031457	0.254474	0.031920	0.014190	0.003194	0.007078
201	na	2.616381	0.005256	0.003474	0.039019	0.000947	0.002433	0.073323	0.041752	0.000665	0.013005	0.504669	0.002212	0.007567	0.017808	0.113956	0.027489	0.102647	0.016708	0.019998	0.001811	0.005261
202	na	3.157675	0.072057	0.002536	0.183640	0.338316	0.039492	0.050588	0.002795	0.012389	0.002845	0.051117	0.006796	0.031029	0.009443	0.039328	0.005085	0.083422	0.050308	0.012753	0.002370	0.003692
203	na	2.999200	0.099792	0.033830	0.033402	0.429778	0.003958	0.008343	0.025484	0.021342	0.013959	0.040159	0.018219	0.007994	0.002589	0.011884	0.154591	0.026525	0.011982	0.030568	0.019845	0.005755
204	na	2.518970	0.296518	0.003552	0.005213	0.086118	0.004505	0.004385	0.048893	0.003208	0.007235	0.037571	0.026564	0.003238	0.007592	0.412447	0.007256	0.024490	0.008465	0.004072	0.004145	0.004532
