#SITE	WT_AA	SITE_ENTROPY	PI_A	PI_C	PI_D	PI_E	PI_F	PI_G	PI_H	PI_I	PI_K	PI_L	PI_M	PI_N	PI_P	PI_Q	PI_R	PI_S	PI_T	PI_V	PI_W	PI_Y
2	na	3.629259	0.010942	0.033752	0.001023	0.009127	0.076188	0.050191	0.007515	0.179766	0.036491	0.154259	0.003611	0.020855	0.048904	0.030566	0.040516	0.107535	0.102575	0.078170	0.002293	0.005721
3	na	2.052993	0.039352	0.015111	0.014073	0.000346	0.039739	0.007625	0.000496	0.013515	0.003702	0.649528	0.000388	0.010916	0.001184	0.005645	0.003335	0.036482	0.019135	0.123110	0.007190	0.009128
4	na	3.558389	0.056143	0.016040	0.004912	0.004293	0.001421	0.005613	0.071964	0.030663	0.030447	0.177492	0.003880	0.004817	0.085358	0.057830	0.221880	0.062225	0.021227	0.064816	0.030289	0.048692
5	na	3.063793	0.166797	0.005762	0.034227	0.001954	0.258732	0.006346	0.066675	0.086229	0.003256	0.234927	0.011494	0.006810	0.025617	0.004443	0.009701	0.046461	0.010683	0.012967	0.003035	0.003882
6	na	2.632321	0.020180	0.023998	0.000327	0.002779	0.012280	0.001054	0.005002	0.391263	0.003625	0.123372	0.011936	0.000819	0.041327	0.002462	0.005428	0.049421	0.033276	0.002683	0.259729	0.009039
7	na	3.279087	0.042946	0.068894	0.006491	0.021981	0.103314	0.030971	0.002821	0.255372	0.001448	0.205600	0.019005	0.024091	0.002128	0.002645	0.002015	0.007822	0.056665	0.098030	0.043273	0.004490
8	na	2.931793	0.013753	0.006953	0.005306	0.003363	0.030543	0.014458	0.013743	0.052618	0.013673	0.304206	0.013720	0.006045	0.027674	0.007174	0.042424	0.322182	0.084800	0.010539	0.004208	0.022616
9	na	3.164268	0.000433	0.164783	0.005732	0.002238	0.002430	0.100960	0.001321	0.019565	0.009226	0.145190	0.129976	0.051280	0.004144	0.001375	0.018182	0.014467	0.007195	0.112390	0.000329	0.208783
10	na	3.308967	0.010929	0.032236	0.001218	0.004834	0.011734	0.022006	0.005449	0.159447	0.305354	0.105353	0.003937	0.006399	0.021385	0.027452	0.048406	0.105413	0.055501	0.020447	0.013040	0.039460
11	na	2.779678	0.049619	0.009797	0.006076	0.000035	0.122640	0.010167	0.000671	0.031875	0.015381	0.454930	0.007166	0.003974	0.016638	0.002515	0.014863	0.052522	0.144864	0.021057	0.012458	0.022754
12	na	2.496126	0.042474	0.031016	0.000488	0.002925	0.020955	0.512978	0.001037	0.071662	0.005858	0.071799	0.006309	0.003884	0.000881	0.018774	0.004647	0.162108	0.004777	0.021478	0.000089	0.015860
13	na	3.090843	0.169017	0.025096	0.030403	0.370303	0.023188	0.006241	0.003865	0.102036	0.001987	0.012499	0.002201	0.016851	0.031118	0.031013	0.029274	0.017612	0.010217	0.095310	0.002748	0.019022
14	na	3.439499	0.383859	0.024587	0.012432	0.087140	0.041062	0.019346	0.024899	0.027626	0.021734	0.053357	0.026002	0.017957	0.071282	0.018436	0.035383	0.042543	0.038635	0.012472	0.014466	0.026781
15	na	2.593038	0.029420	0.164410	0.001655	0.003824	0.002838	0.006945	0.001258	0.230856	0.004942	0.010925	0.005958	0.013415	0.378410	0.004176	0.003391	0.012643	0.099122	0.021615	0.002402	0.001796
16	na	3.637740	0.081089	0.032161	0.143094	0.014831	0.017302	0.016958	0.029365	0.033615	0.027248	0.008967	0.013409	0.004312	0.005966	0.036659	0.136610	0.076236	0.094034	0.197591	0.009148	0.021404
17	na	2.766838	0.349268	0.011044	0.096726	0.002838	0.005979	0.007337	0.049125	0.009551	0.016551	0.008770	0.007278	0.009100	0.006750	0.032661	0.023139	0.312430	0.024182	0.009417	0.014221	0.003633
18	na	3.363584	0.022087	0.014239	0.231127	0.032372	0.005005	0.191167	0.014910	0.012271	0.008492	0.012976	0.017346	0.090451	0.019348	0.006961	0.190034	0.037735	0.011454	0.030850	0.016629	0.034549
19	na	1.844391	0.000102	0.001055	0.001352	0.013495	0.004329	0.006042	0.004544	0.021838	0.031422	0.692028	0.001646	0.004171	0.000405	0.007479	0.089589	0.014633	0.028160	0.069173	0.000030	0.008506
20	na	3.011346	0.016639	0.001397	0.056084	0.062651	0.005052	0.009060	0.005546	0.347883	0.004117	0.202815	0.011036	0.022117	0.010094	0.098081	0.007117	0.015456	0.004495	0.087717	0.001439	0.031204
21	na	3.233808	0.036479	0.347371	0.019061	0.005467	0.025127	0.012352	0.005421	0.005292	0.003679	0.041660	0.009949	0.013171	0.052503	0.005419	0.062502	0.059488	0.033010	0.158047	0.096495	0.007507
22	na	2.742932	0.079985	0.006357	0.006573	0.000982	0.010063	0.001079	0.008069	0.290525	0.010024	0.235366	0.003037	0.000983	0.000914	0.005804	0.011178	0.006648	0.021226	0.083949	0.004862	0.212377
23	na	2.418391	0.023172	0.018478	0.010041	0.007488	0.003345	0.573146	0.024413	0.009596	0.005199	0.049296	0.004749	0.006627	0.096657	0.004113	0.031994	0.103100	0.002986	0.018041	0.003877	0.003683
24	na	3.511969	0.038453	0.041841	0.012538	0.026067	0.080458	0.004869	0.003193	0.024078	0.053705	0.018973	0.001722	0.004381	0.009684	0.113480	0.018432	0.016574	0.047019	0.220570	0.078105	0.185857
25	na	3.417264	0.189732	0.008201	0.002210	0.004698	0.006412	0.020548	0.127887	0.145275	0.050401	0.141872	0.002754	0.003017	0.030917	0.053730	0.008580	0.024518	0.097662	0.074013	0.003283	0.004288
26	na	1.467504	0.078195	0.164313	0.001033	0.000791	0.001842	0.000671	0.002013	0.001484	0.002040	0.004305	0.002586	0.001530	0.000647	0.000461	0.002379	0.028207	0.004552	0.701295	0.000530	0.001125
27	na	3.095277	0.158893	0.003977	0.009206	0.002677	0.174265	0.014083	0.032017	0.145342	0.033511	0.003672	0.002219	0.290969	0.007507	0.012322	0.009796	0.044101	0.017250	0.010654	0.015668	0.011869
28	na	2.799880	0.011944	0.006553	0.035909	0.005775	0.011883	0.040630	0.009438	0.006777	0.020752	0.068026	0.004000	0.509532	0.015367	0.013875	0.019244	0.116734	0.045592	0.028157	0.011303	0.018510
29	na	2.590232	0.172964	0.025377	0.004009	0.005543	0.008789	0.019934	0.005920	0.017251	0.057422	0.020504	0.003987	0.028915	0.004471	0.020512	0.014626	0.526387	0.022419	0.018886	0.004851	0.017231
30	na	2.763642	0.014743	0.003104	0.010667	0.032281	0.002941	0.049626	0.044238	0.013508	0.014786	0.025746	0.005589	0.022677	0.033864	0.015615	0.045763	0.096007	0.525808	0.002589	0.036141	0.004305
31	na	3.462091	0.027940	0.020831	0.251560	0.047102	0.003828	0.041675	0.056204	0.023933	0.103421	0.018962	0.001410	0.055801	0.020978	0.034836	0.012899	0.014686	0.212335	0.007334	0.010152	0.034113
32	na	2.879416	0.014752	0.006838	0.001374	0.063922	0.003714	0.027087	0.014749	0.009126	0.018470	0.210867	0.005368	0.022911	0.013180	0.010596	0.138616	0.045861	0.374712	0.011791	0.001172	0.004893
33	na	2.234261	0.007215	0.002407	0.008929	0.004902	0.005344	0.001506	0.002620	0.070875	0.110385	0.515180	0.002455	0.003888	0.000878	0.006586	0.009642	0.023386	0.010824	0.209865	0.000746	0.002370
34	na	3.160016	0.013832	0.006221	0.396418	0.059171	0.003068	0.018009	0.031810	0.018330	0.002791	0.072698	0.043434	0.024289	0.004436	0.025261	0.146738	0.013024	0.037453	0.047609	0.006909	0.028498
35	na	2.079242	0.019852	0.003654	0.004600	0.004944	0.021051	0.005509	0.029436	0.036712	0.010212	0.018151	0.007269	0.016367	0.011230	0.062159	0.010110	0.040821	0.683875	0.007277	0.002743	0.004030
36	na	3.473926	0.034357	0.073295	0.002310	0.005097	0.084458	0.069620	0.002193	0.322760	0.020731	0.062245	0.016137	0.027345	0.074728	0.008343	0.040939	0.039416	0.054099	0.009873	0.006443	0.045611
37	na	2.945047	0.054796	0.077796	0.003575	0.002314	0.044010	0.007989	0.000871	0.012497	0.001728	0.130346	0.003144	0.013130	0.019655	0.005835	0.117772	0.355880	0.136189	0.000964	0.001467	0.010042
38	na	3.592773	0.057199	0.005297	0.036630	0.220320	0.010061	0.014085	0.019844	0.036363	0.016295	0.017839	0.003721	0.093266	0.003919	0.019592	0.099265	0.167967	0.051230	0.057644	0.059123	0.010338
39	na	3.106509	0.038323	0.043508	0.008818	0.022799	0.009247	0.020802	0.045520	0.011360	0.222968	0.014124	0.013550	0.037323	0.014636	0.011425	0.374976	0.020794	0.053775	0.012631	0.004327	0.019092
40	na	3.156360	0.096455	0.016779	0.016562	0.014918	0.006649	0.062962	0.024015	0.014858	0.029273	0.015798	0.004880	0.259486	0.004919	0.007426	0.282161	0.049938	0.005305	0.073600	0.006564	0.007452
41	na	3.139585	0.023352	0.014208	0.013754	0.016188	0.009300	0.023714	0.010317	0.086861	0.014577	0.067177	0.015827	0.056249	0.009155	0.072318	0.015907	0.018568	0.075383	0.432039	0.013570	0.011539
42	na	2.875218	0.138979	0.024261	0.016047	0.000256	0.017755	0.005082	0.015963	0.004799	0.053774	0.006324	0.003611	0.007352	0.011760	0.010623	0.291673	0.000297	0.065520	0.296765	0.012264	0.016897
43	na	3.480111	0.019414	0.026420	0.022954	0.027346	0.023974	0.038670	0.128621	0.102378	0.023774	0.001281	0.019253	0.018173	0.041108	0.032438	0.031073	0.020726	0.046730	0.335159	0.013773	0.026734
44	na	2.748308	0.016885	0.003534	0.049114	0.021269	0.076183	0.030744	0.016353	0.007521	0.017134	0.188370	0.010384	0.000878	0.000550	0.004622	0.020406	0.061994	0.453300	0.004207	0.006094	0.010456
45	na	2.621635	0.003814	0.002329	0.007932	0.020091	0.045946	0.006323	0.135431	0.006192	0.003551	0.051461	0.054896	0.009350	0.003067	0.032150	0.033280	0.525171	0.006373	0.003492	0.021345	0.027806
46	na	2.990076	0.037159	0.015842	0.006352	0.007801	0.041626	0.006860	0.161512	0.027924	0.068643	0.048667	0.002986	0.038841	0.024960	0.004823	0.008263	0.430746	0.019928	0.017278	0.028250	0.001541
47	na	3.515913	0.029385	0.006710	0.001331	0.012324	0.025763	0.031089	0.004614	0.144857	0.101929	0.043713	0.050347	0.003126	0.014288	0.053510	0.155919	0.008609	0.021364	0.215110	0.013297	0.062716
48	na	3.392642	0.003754	0.002087	0.042754	0.063366	0.021191	0.010556	0.007312	0.011987	0.036479	0.014116	0.004701	0.257473	0.102402	0.007947	0.162829	0.136089	0.045375	0.032193	0.009710	0.027678
49	na	2.024119	0.007271	0.010511	0.005832	0.031594	0.016524	0.017262	0.011762	0.041720	0.004115	0.686965	0.004111	0.005450	0.088212	0.007888	0.005649	0.010067	0.015538	0.016292	0.005700	0.007535
50	na	2.358694	0.009327	0.020802	0.218559	0.005347	0.003587	0.037663	0.008898	0.004185	0.006669	0.539960	0.004310	0.002100	0.019829	0.007103	0.019703	0.016367	0.009597	0.040129	0.005570	0.020295
51	na	2.957486	0.285577	0.011849	0.003240	0.064937	0.030680	0.010372	0.009884	0.008323	0.003210	0.225927	0.001853	0.001090	0.001195	0.005277	0.090956	0.014378	0.127026	0.100759	0.001255	0.002213
52	na	3.240590	0.204731	0.013318	0.089659	0.016736	0.001017	0.010215	0.027728	0.007666	0.019377	0.079311	0.014618	0.043151	0.008201	0.005485	0.006735	0.115127	0.271977	0.054895	0.001212	0.008842
53	na	2.975231	0.237689	0.001613	0.002189	0.320877	0.026901	0.009301	0.095207	0.006143	0.014573	0.021079	0.021629	0.005739	0.000479	0.006137	0.017099	0.107174	0.021261	0.070189	0.012347	0.002375
54	na	3.143416	0.020198	0.007189	0.003217	0.019523	0.005170	0.006603	0.098402	0.011551	0.008804	0.025980	0.001538	0.002793	0.078525	0.082907	0.276688	0.024471	0.053713	0.021895	0.005418	0.245417
55	na	2.512718	0.012733	0.007940	0.002738	0.066650	0.525002	0.031010	0.008617	0.003838	0.010261	0.003389	0.003054	0.166069	0.002761	0.013882	0.018449	0.062066	0.035614	0.010561	0.012188	0.003176
56	na	2.745291	0.044314	0.003646	0.005695	0.029490	0.008430	0.395823	0.014989	0.249223	0.006138	0.013816	0.003204	0.008404	0.011335	0.009669	0.014400	0.011548	0.125383	0.029053	0.005234	0.010206
57	na	3.331410	0.057897	0.011436	0.002593	0.002950	0.019891	0.052442	0.068492	0.005332	0.136878	0.171246	0.006735	0.022944	0.008937	0.033956	0.250087	0.005418	0.012851	0.110091	0.012195	0.007627
58	na	2.280282	0.005553	0.025171	0.002541	0.023774	0.002250	0.007673	0.003410	0.130845	0.015970	0.606472	0.003155	0.001926	0.037438	0.016984	0.046105	0.015284	0.009987	0.015063	0.001335	0.029063
59	na	3.408628	0.013421	0.267152	0.003315	0.097036	0.004541	0.055593	0.006058	0.063341	0.010314	0.074160	0.004209	0.048284	0.012420	0.054064	0.017445	0.012283	0.024731	0.019518	0.022837	0.189279
60	na	3.426050	0.084002	0.000567	0.003683	0.021593	0.030894	0.009340	0.068622	0.004194	0.077978	0.036108	0.005519	0.113262	0.000771	0.059706	0.071011	0.268378	0.031612	0.008187	0.001435	0.103136
61	na	2.275389	0.006577	0.004813	0.006755	0.003647	0.011206	0.012989	0.003083	0.101730	0.010822	0.446665	0.003667	0.007186	0.014769	0.002582	0.016637	0.015584	0.001426	0.318390	0.002927	0.008545
62	na	3.446411	0.043419	0.001863	0.093349	0.004308	0.018919	0.158622	0.099233	0.002380	0.059851	0.034864	0.008272	0.025517	0.001949	0.115547	0.188375	0.026006	0.004651	0.003213	0.001965	0.107698
63	na	3.126438	0.014784	0.012604	0.109037	0.025790	0.016827	0.380565	0.077086	0.009504	0.031114	0.024087	0.008941	0.026004	0.007760	0.007257	0.078826	0.136814	0.008385	0.014598	0.005314	0.004703
64	na	2.939856	0.004256	0.031940	0.001483	0.002414	0.015986	0.017460	0.039600	0.077302	0.105719	0.171003	0.020004	0.017500	0.001924	0.000446	0.022389	0.039521	0.036136	0.392877	0.000620	0.001422
65	na	3.829128	0.127368	0.010500	0.004219	0.114567	0.057458	0.039293	0.003360	0.001968	0.064264	0.071344	0.061163	0.055995	0.082186	0.105000	0.035837	0.098700	0.031459	0.013930	0.005621	0.015770
66	na	2.430070	0.171812	0.017778	0.007050	0.013419	0.013965	0.050869	0.015126	0.009093	0.021691	0.022481	0.015639	0.007364	0.566309	0.006259	0.015226	0.012160	0.010782	0.011550	0.005205	0.006222
67	na	2.397217	0.006505	0.005890	0.003648	0.005520	0.006452	0.008098	0.015510	0.014737	0.005404	0.579010	0.011248	0.006245	0.035385	0.010273	0.051874	0.020170	0.032439	0.147076	0.027416	0.007098
68	na	3.687123	0.013964	0.002002	0.126903	0.019364	0.022195	0.060828	0.008335	0.037357	0.006893	0.155389	0.003689	0.014680	0.023049	0.058016	0.045668	0.185310	0.075447	0.064518	0.024370	0.052024
69	na	2.266898	0.002993	0.002083	0.009194	0.006281	0.006065	0.022069	0.003936	0.037474	0.002170	0.467117	0.005601	0.011467	0.003655	0.002034	0.311719	0.066169	0.011727	0.015467	0.004796	0.007983
70	na	3.467055	0.029158	0.007804	0.006333	0.079599	0.026955	0.236443	0.106510	0.004167	0.057226	0.117304	0.011275	0.016447	0.001040	0.050206	0.071071	0.123209	0.046408	0.005450	0.001872	0.001524
71	na	2.718066	0.057517	0.002149	0.004634	0.007203	0.001324	0.065096	0.001369	0.152003	0.036426	0.041905	0.021049	0.009919	0.458176	0.016083	0.008701	0.004986	0.100283	0.005271	0.001366	0.004541
72	na	3.041501	0.038651	0.493682	0.013465	0.005926	0.033243	0.035887	0.010417	0.007290	0.056611	0.028674	0.018844	0.017523	0.024236	0.024765	0.028015	0.052179	0.014559	0.041473	0.014175	0.040385
73	na	2.993670	0.003124	0.012336	0.050386	0.032325	0.004181	0.061973	0.021278	0.004991	0.003912	0.011847	0.031635	0.095389	0.014846	0.004561	0.053847	0.356309	0.220617	0.008355	0.003829	0.004259
74	na	2.888652	0.010856	0.020040	0.000719	0.001176	0.074920	0.009467	0.014364	0.172468	0.003107	0.166771	0.004695	0.005359	0.331052	0.007986	0.007496	0.007059	0.042838	0.114493	0.001557	0.003579
75	na	3.488340	0.019788	0.100342	0.003070	0.009255	0.006005	0.028195	0.014196	0.084585	0.019344	0.180214	0.003333	0.013071	0.072998	0.014642	0.066090	0.103630	0.199666	0.053356	0.000585	0.007635
76	na	2.495266	0.130119	0.005903	0.007822	0.017800	0.003493	0.548941	0.006371	0.007430	0.048030	0.079725	0.009697	0.003482	0.008995	0.004723	0.012281	0.054215	0.014272	0.023692	0.006743	0.006266
77	na	3.697302	0.016806	0.071000	0.015890	0.017152	0.030604	0.069327	0.044127	0.062481	0.006451	0.136717	0.010259	0.030105	0.016597	0.014107	0.029691	0.052967	0.007266	0.087532	0.239672	0.041251
78	na	2.156304	0.025025	0.002804	0.003229	0.004296	0.021921	0.036060	0.005835	0.004702	0.007420	0.618407	0.046797	0.009203	0.009862	0.006894	0.010108	0.026884	0.004279	0.150510	0.001735	0.004029
79	na	2.247446	0.013717	0.004341	0.001968	0.012946	0.009328	0.001854	0.003359	0.033899	0.002707	0.610262	0.004716	0.048007	0.006517	0.005014	0.118045	0.009837	0.052091	0.044987	0.008415	0.007991
80	na	1.834236	0.060539	0.007975	0.002240	0.008162	0.011196	0.731772	0.009512	0.003205	0.005923	0.009351	0.005363	0.002985	0.013429	0.014603	0.010607	0.023753	0.008351	0.044814	0.011397	0.014824
81	na	3.322849	0.053315	0.022503	0.027460	0.020383	0.004459	0.022671	0.033486	0.029879	0.030550	0.091683	0.002446	0.328451	0.002766	0.006310	0.049615	0.167728	0.048775	0.044048	0.005778	0.007693
82	na	2.406040	0.039926	0.003592	0.036371	0.052481	0.007774	0.039155	0.003835	0.016945	0.033726	0.020033	0.016164	0.005883	0.620514	0.005367	0.038134	0.026000	0.018396	0.006949	0.003721	0.005034
83	na	3.645474	0.218817	0.016145	0.011482	0.093881	0.031439	0.056990	0.014450	0.024753	0.006090	0.092016	0.023452	0.069481	0.002692	0.016412	0.020373	0.147270	0.032470	0.062953	0.002017	0.056818
84	na	2.853653	0.025486	0.335099	0.005188	0.019703	0.038897	0.010867	0.005583	0.008646	0.019302	0.006054	0.013419	0.009867	0.010092	0.017457	0.296781	0.008387	0.025867	0.124910	0.011991	0.006403
85	na	3.538229	0.067468	0.027318	0.213077	0.104212	0.020274	0.043389	0.019098	0.008735	0.005166	0.118768	0.001478	0.017654	0.010468	0.038801	0.019271	0.060444	0.174375	0.012322	0.003684	0.033998
86	na	3.352553	0.007912	0.000597	0.135909	0.150364	0.013771	0.038066	0.003327	0.003013	0.007274	0.145826	0.007538	0.019450	0.007184	0.013200	0.146389	0.066314	0.054319	0.163347	0.000031	0.016169
87	na	2.493144	0.024952	0.010620	0.024241	0.003165	0.001913	0.006093	0.034031	0.085456	0.003575	0.571464	0.005511	0.004383	0.005252	0.024036	0.055130	0.037177	0.067413	0.030130	0.002014	0.003446
88	na	3.066758	0.038217	0.001701	0.002628	0.021446	0.021271	0.021520	0.027571	0.159955	0.089799	0.405701	0.009581	0.007748	0.010785	0.016014	0.020473	0.066209	0.040979	0.017265	0.013477	0.007660
89	na	3.634084	0.029590	0.000465	0.051668	0.003901	0.003874	0.098910	0.036062	0.042347	0.036353	0.254060	0.019462	0.078251	0.078599	0.004574	0.078917	0.038477	0.056896	0.047796	0.000111	0.039688
90	na	3.710980	0.100440	0.022416	0.011744	0.047613	0.035023	0.054085	0.022485	0.142985	0.124049	0.185571	0.000487	0.006886	0.023056	0.023546	0.029608	0.046390	0.076724	0.023439	0.011344	0.012109
91	na	3.408738	0.033808	0.003309	0.016606	0.013297	0.001830	0.008711	0.037276	0.055838	0.004247	0.221097	0.029044	0.025500	0.015616	0.027411	0.253306	0.048862	0.044583	0.102246	0.006035	0.051379
92	na	3.474905	0.009022	0.009646	0.009192	0.040165	0.058872	0.004489	0.160454	0.068840	0.063539	0.160899	0.002502	0.011429	0.098235	0.094435	0.011246	0.165035	0.013762	0.011227	0.000759	0.006252
93	na	2.561040	0.007263	0.427425	0.290529	0.005029	0.010624	0.027482	0.003030	0.005707	0.017022	0.020153	0.007504	0.021461	0.012070	0.003385	0.009843	0.015634	0.004161	0.014745	0.085671	0.011263
94	na	1.904417	0.016693	0.015575	0.014594	0.005765	0.004886	0.255435	0.001528	0.003414	0.003228	0.010406	0.003109	0.003401	0.013538	0.022602	0.007895	0.598443	0.003969	0.011063	0.002697	0.001759
95	na	2.643211	0.042058	0.007019	0.016730	0.006132	0.010810	0.060224	0.022376	0.004688	0.009324	0.035929	0.005109	0.003406	0.012285	0.063454	0.031035	0.050461	0.049803	0.008698	0.004049	0.556410
96	na	2.766865	0.007705	0.052328	0.002420	0.003764	0.003850	0.013009	0.005700	0.243013	0.006924	0.092263	0.008310	0.007096	0.008153	0.002564	0.027345	0.116534	0.007573	0.368206	0.016125	0.007116
97	na	2.438677	0.039593	0.013179	0.003265	0.004371	0.002081	0.010618	0.004724	0.444304	0.003962	0.102603	0.003257	0.018242	0.005100	0.016888	0.003382	0.007000	0.036423	0.273022	0.003457	0.004529
98	na	3.312207	0.015484	0.013088	0.023383	0.270723	0.109484	0.005132	0.010417	0.114216	0.008035	0.044550	0.009126	0.011930	0.007686	0.005470	0.014076	0.128985	0.068505	0.128457	0.004335	0.006919
99	na	3.586679	0.113057	0.008260	0.154493	0.018967	0.008146	0.109127	0.017006	0.006376	0.012801	0.072773	0.002053	0.005847	0.043437	0.016534	0.090189	0.133549	0.114929	0.061616	0.002064	0.008774
100	na	3.550577	0.150942	0.003027	0.022999	0.036860	0.073002	0.065244	0.020227	0.131895	0.029921	0.080496	0.007949	0.021818	0.127546	0.004130	0.175604	0.015953	0.013902	0.007057	0.000629	0.010799
101	na	3.184812	0.027408	0.009770	0.194816	0.000446	0.056141	0.299813	0.008560	0.015065	0.011395	0.137545	0.003800	0.032827	0.007640	0.020148	0.056819	0.071783	0.021183	0.005568	0.000717	0.018556
102	na	2.945764	0.038421	0.002830	0.004537	0.021944	0.003524	0.277972	0.011236	0.011967	0.002929	0.005495	0.006333	0.016842	0.161732	0.057170	0.006255	0.262662	0.077113	0.022493	0.008257	0.000288
103	na	3.708882	0.054144	0.002508	0.006587	0.128446	0.011324	0.095468	0.019881	0.002510	0.029599	0.076803	0.055289	0.005169	0.141930	0.011934	0.047377	0.137876	0.046406	0.076598	0.001787	0.048366
104	na	3.508708	0.030946	0.035533	0.001728	0.161627	0.047657	0.016920	0.267946	0.003157	0.010093	0.065096	0.006059	0.056174	0.003896	0.024875	0.028975	0.077710	0.033403	0.088515	0.018962	0.020729
105	na	2.655160	0.090099	0.009826	0.011530	0.012560	0.002034	0.438180	0.010190	0.009053	0.099511	0.007359	0.013722	0.009007	0.019065	0.003959	0.019029	0.212786	0.001470	0.022794	0.004335	0.003491
106	na	2.634546	0.196811	0.006601	0.001703	0.067985	0.027742	0.013679	0.005532	0.012291	0.002040	0.379552	0.000762	0.001916	0.175437	0.001664	0.008033	0.083849	0.006736	0.004782	0.001242	0.001645
107	na	2.652618	0.032097	0.572401	0.003723	0.011261	0.019299	0.009113	0.017473	0.019593	0.014825	0.035030	0.028534	0.007235	0.017100	0.006231	0.035163	0.079230	0.037107	0.014430	0.031029	0.009127
108	na	3.020223	0.050133	0.006746	0.006219	0.016814	0.043537	0.081637	0.015556	0.040258	0.013261	0.014688	0.003260	0.005721	0.018154	0.011701	0.044978	0.008386	0.046138	0.119905	0.009832	0.443076
109	na	1.779195	0.006206	0.006651	0.003088	0.002683	0.004011	0.008991	0.004775	0.003245	0.003661	0.007397	0.004739	0.002631	0.583008	0.004278	0.013894	0.016998	0.010538	0.303366	0.006493	0.003345
110	na	2.541501	0.043576	0.020001	0.008445	0.038358	0.034828	0.603077	0.007793	0.007880	0.014425	0.006603	0.008678	0.009798	0.032217	0.007996	0.042009	0.007217	0.033167	0.026763	0.016897	0.030272
111	na	3.204775	0.340845	0.004176	0.042062	0.014350	0.001242	0.164074	0.002380	0.033427	0.004913	0.046598	0.028068	0.015020	0.062550	0.007181	0.047763	0.042286	0.104720	0.009075	0.000395	0.028875
112	na	2.655127	0.003460	0.005747	0.006180	0.001297	0.034964	0.000462	0.001430	0.396015	0.000764	0.191878	0.132705	0.003942	0.003913	0.000788	0.004276	0.014651	0.082709	0.034249	0.079691	0.000878
113	na	2.968453	0.026462	0.002115	0.002983	0.006978	0.000954	0.019881	0.178771	0.046472	0.043205	0.024916	0.012640	0.025938	0.000418	0.188710	0.009187	0.052920	0.335466	0.006485	0.000955	0.014545
114	na	3.713444	0.129841	0.007495	0.157176	0.059830	0.023538	0.034232	0.113280	0.001945	0.012770	0.064296	0.031690	0.068911	0.025188	0.031942	0.025389	0.154721	0.025115	0.009030	0.010450	0.013163
115	na	3.196233	0.024852	0.003601	0.004133	0.008177	0.001321	0.039425	0.014127	0.063802	0.007751	0.225801	0.006335	0.018565	0.070400	0.058122	0.010983	0.293176	0.057848	0.008132	0.004304	0.079146
116	na	3.063033	0.031875	0.003485	0.010339	0.116960	0.013566	0.104794	0.006183	0.001916	0.005769	0.013358	0.006796	0.001052	0.337858	0.136525	0.018964	0.128882	0.019486	0.006115	0.012290	0.023786
117	na	2.964920	0.081242	0.008096	0.054379	0.493383	0.015090	0.009311	0.007560	0.030608	0.079939	0.021613	0.015246	0.017063	0.023728	0.016688	0.022810	0.030702	0.022152	0.019312	0.022830	0.008247
118	na	1.693806	0.003580	0.004298	0.004009	0.003332	0.022335	0.010035	0.004524	0.038178	0.004509	0.761392	0.011803	0.004700	0.012504	0.024133	0.017308	0.009300	0.014208	0.039652	0.007310	0.002889
119	na	2.524959	0.011599	0.004466	0.003818	0.008560	0.029093	0.006461	0.008950	0.051573	0.005572	0.033854	0.001728	0.017064	0.019248	0.008911	0.581873	0.035743	0.086136	0.031976	0.011460	0.041917
120	na	3.224060	0.056578	0.014676	0.045561	0.350583	0.016676	0.012148	0.013116	0.009899	0.215410	0.026092	0.009960	0.017618	0.006774	0.016277	0.052319	0.046712	0.033743	0.021316	0.016011	0.018529
121	na	3.102659	0.028583	0.004692	0.003565	0.007578	0.008672	0.008978	0.132717	0.005426	0.003832	0.035744	0.004168	0.010547	0.003604	0.191300	0.257370	0.084304	0.152193	0.047367	0.004385	0.004975
122	na	2.077560	0.023105	0.004119	0.005018	0.005860	0.018474	0.003499	0.014446	0.144920	0.012156	0.643505	0.007528	0.003478	0.004897	0.014995	0.013659	0.010115	0.014773	0.047435	0.003905	0.004112
123	na	2.920266	0.004366	0.022615	0.002358	0.011460	0.118692	0.420756	0.034045	0.013819	0.009046	0.018603	0.011921	0.067414	0.003941	0.011919	0.018953	0.153596	0.013255	0.049524	0.001178	0.012539
124	na	3.387422	0.109103	0.008281	0.020856	0.010979	0.034836	0.076655	0.033146	0.123646	0.002335	0.032691	0.002009	0.001918	0.008770	0.029142	0.098745	0.293853	0.024501	0.026575	0.001756	0.060204
125	na	2.806100	0.008942	0.053413	0.001919	0.004170	0.028515	0.035734	0.009994	0.359745	0.003639	0.012956	0.007960	0.006259	0.003719	0.004127	0.002427	0.154648	0.056537	0.226747	0.013724	0.004826
126	na	3.045493	0.023170	0.006994	0.003911	0.041290	0.050520	0.001273	0.001842	0.007321	0.027153	0.218864	0.002389	0.013350	0.003936	0.018811	0.276535	0.104620	0.163583	0.024467	0.002233	0.007736
127	na	3.066476	0.060972	0.002914	0.115817	0.037841	0.010834	0.061709	0.001247	0.001286	0.010640	0.016634	0.002356	0.002105	0.002837	0.311742	0.099463	0.194198	0.030305	0.025864	0.001344	0.009892
128	na	2.717054	0.420122	0.002580	0.000720	0.000623	0.011647	0.006294	0.004071	0.011282	0.003825	0.156916	0.034661	0.000832	0.002442	0.025543	0.001320	0.032144	0.132287	0.105969	0.011892	0.034830
129	na	3.430440	0.023425	0.004997	0.006131	0.196240	0.005131	0.017779	0.066756	0.023031	0.006494	0.035636	0.105013	0.013823	0.061273	0.008435	0.021803	0.158807	0.189087	0.044796	0.003627	0.007717
130	na	2.034927	0.013066	0.013551	0.008914	0.012209	0.007657	0.012223	0.024510	0.030319	0.017385	0.026141	0.007732	0.006779	0.026423	0.007855	0.710448	0.010461	0.034896	0.015942	0.004625	0.008865
131	na	3.336929	0.024191	0.009220	0.016848	0.031978	0.313628	0.129466	0.021689	0.033549	0.019670	0.042784	0.008599	0.012698	0.010723	0.014415	0.021191	0.015347	0.029023	0.190017	0.016781	0.038182
132	na	3.318516	0.046179	0.040565	0.111041	0.324370	0.012211	0.018241	0.010392	0.011328	0.017214	0.035770	0.012639	0.010685	0.014498	0.037073	0.023329	0.190295	0.033881	0.028842	0.011522	0.009927
133	na	3.236446	0.024472	0.029965	0.017792	0.007942	0.009460	0.029947	0.012799	0.368647	0.013707	0.137573	0.105882	0.014072	0.013347	0.008528	0.018953	0.014790	0.029368	0.097400	0.014765	0.030592
134	na	2.827085	0.023406	0.017243	0.016328	0.021456	0.410985	0.011925	0.012646	0.035760	0.015509	0.021206	0.009169	0.010720	0.008597	0.014134	0.026227	0.023098	0.012158	0.023590	0.008390	0.277453
135	na	3.307501	0.019218	0.011119	0.014561	0.019959	0.002404	0.024965	0.006832	0.017431	0.184007	0.005520	0.002048	0.034141	0.147339	0.056768	0.192506	0.178082	0.010063	0.058989	0.001528	0.012518
136	na	3.499436	0.009697	0.003781	0.016758	0.016334	0.048697	0.055975	0.007894	0.011675	0.060167	0.201161	0.004796	0.004513	0.017710	0.014299	0.087518	0.085848	0.061321	0.178771	0.000266	0.112817
137	na	3.537839	0.114482	0.003064	0.167117	0.075919	0.029105	0.041222	0.016247	0.022908	0.000677	0.088141	0.045518	0.167084	0.011990	0.012650	0.008629	0.141461	0.013907	0.016553	0.001035	0.022290
138	na	3.297666	0.030181	0.000079	0.010976	0.029412	0.027503	0.323623	0.006697	0.120822	0.013435	0.075885	0.052517	0.009101	0.020095	0.022681	0.023919	0.125349	0.012155	0.088253	0.005193	0.002126
139	na	3.281424	0.076875	0.015363	0.010186	0.006165	0.037287	0.078763	0.001557	0.011452	0.008063	0.024838	0.022213	0.000923	0.000877	0.062397	0.027555	0.206333	0.281902	0.085270	0.029618	0.012366
140	na	3.101496	0.021871	0.029055	0.003886	0.005189	0.300400	0.013744	0.020129	0.017693	0.002493	0.137358	0.014426	0.003119	0.008542	0.002770	0.009779	0.012949	0.009527	0.095765	0.185766	0.105538
141	na	3.461094	0.024033	0.003831	0.007150	0.036258	0.004158	0.103246	0.001343	0.031395	0.018476	0.150712	0.004464	0.032914	0.171295	0.173133	0.093753	0.089541	0.010992	0.027556	0.001315	0.014437
142	na	2.588356	0.006831	0.006089	0.011486	0.039007	0.011242	0.011661	0.024894	0.004210	0.011645	0.043971	0.005256	0.577514	0.012053	0.010416	0.088761	0.034663	0.033271	0.025743	0.020222	0.021068
143	na	3.211532	0.034814	0.002509	0.004722	0.005365	0.010260	0.005906	0.137830	0.024660	0.006415	0.056373	0.005989	0.024435	0.002894	0.016871	0.042721	0.066042	0.159928	0.065711	0.010302	0.316254
144	na	2.758558	0.011412	0.003917	0.036534	0.019322	0.007006	0.274549	0.004350	0.004264	0.015716	0.065388	0.006823	0.002007	0.011592	0.019942	0.013256	0.146894	0.341609	0.004148	0.002935	0.008334
145	na	3.454771	0.050158	0.018648	0.033789	0.360601	0.109675	0.016623	0.009066	0.046595	0.003880	0.029617	0.017650	0.063331	0.022185	0.024146	0.022693	0.032270	0.031909	0.020758	0.066044	0.020364
146	na	3.761089	0.080453	0.003775	0.027671	0.029873	0.096159	0.095017	0.023985	0.015932	0.009696	0.018859	0.008762	0.051004	0.017845	0.176429	0.035769	0.053997	0.071203	0.023605	0.009944	0.150022
147	na	2.911332	0.085141	0.005685	0.003523	0.033252	0.004379	0.486221	0.039544	0.010921	0.015413	0.055294	0.004895	0.060577	0.031559	0.015798	0.053213	0.048643	0.018575	0.018222	0.004814	0.004332
148	na	3.076745	0.017077	0.001914	0.000928	0.011199	0.004098	0.017858	0.026576	0.080973	0.007080	0.012436	0.024395	0.034553	0.010317	0.025336	0.330309	0.069212	0.171416	0.150068	0.000998	0.003256
149	na	1.485167	0.002184	0.020365	0.002103	0.004480	0.001164	0.004831	0.006386	0.002501	0.011124	0.004250	0.004234	0.010624	0.008453	0.003352	0.014151	0.752647	0.133328	0.002063	0.003103	0.008658
150	na	3.214749	0.167315	0.000494	0.001141	0.012172	0.224658	0.006848	0.000746	0.017385	0.010641	0.126596	0.003289	0.017114	0.004411	0.085593	0.023894	0.120218	0.010459	0.036993	0.128784	0.001249
151	na	2.509276	0.299853	0.007470	0.003095	0.007019	0.006240	0.018958	0.005932	0.004139	0.012604	0.260865	0.001899	0.006576	0.005235	0.001511	0.005283	0.257145	0.086910	0.001431	0.001916	0.005917
152	na	3.079462	0.020861	0.315679	0.012219	0.009678	0.019722	0.084557	0.006485	0.006385	0.006423	0.040382	0.003504	0.007309	0.009762	0.024988	0.048866	0.269880	0.040150	0.007041	0.019522	0.046587
153	na	3.301157	0.081373	0.000423	0.019290	0.005527	0.001204	0.168015	0.005289	0.208555	0.005827	0.024051	0.001392	0.183606	0.030697	0.061191	0.030992	0.056212	0.092158	0.018764	0.003692	0.001743
154	na	3.104727	0.348495	0.068283	0.042109	0.003368	0.002587	0.002971	0.041973	0.041833	0.006889	0.019829	0.003426	0.005246	0.015783	0.011355	0.013753	0.118385	0.188627	0.019081	0.020157	0.025851
155	na	3.376956	0.120188	0.001565	0.000962	0.014521	0.023346	0.014107	0.141164	0.007236	0.016890	0.073420	0.010691	0.001716	0.005120	0.082376	0.117902	0.032848	0.085978	0.012826	0.004634	0.232508
156	na	2.993198	0.289173	0.002405	0.053904	0.001274	0.000868	0.063838	0.005093	0.001615	0.131231	0.002632	0.035774	0.055440	0.000550	0.032595	0.052898	0.236391	0.025467	0.005993	0.001925	0.000933
157	na	3.602633	0.013943	0.018628	0.003988	0.043847	0.008631	0.022745	0.009926	0.112075	0.073787	0.058858	0.071544	0.003568	0.028984	0.018355	0.141670	0.197747	0.046674	0.113965	0.009519	0.001547
158	na	2.965948	0.072978	0.003302	0.005693	0.004069	0.000969	0.005587	0.008582	0.023248	0.049122	0.023707	0.018520	0.003778	0.122550	0.018426	0.043607	0.136036	0.411378	0.027197	0.008590	0.012662
159	na	2.550844	0.018037	0.013455	0.043292	0.007934	0.011609	0.472091	0.007395	0.004550	0.014460	0.010896	0.002558	0.017114	0.005490	0.051824	0.021673	0.247710	0.037299	0.006143	0.001856	0.004615
160	na	2.880610	0.019420	0.025251	0.010782	0.010609	0.520353	0.009840	0.046421	0.007509	0.011408	0.035163	0.024372	0.018178	0.021202	0.012505	0.019265	0.032864	0.035915	0.057317	0.005717	0.075908
161	na	3.387967	0.021803	0.007304	0.016354	0.111560	0.118662	0.018063	0.014467	0.049085	0.006089	0.038181	0.007301	0.030368	0.022297	0.003008	0.005681	0.068887	0.048114	0.035513	0.044274	0.332992
162	na	2.244695	0.023480	0.021169	0.004776	0.015437	0.005178	0.010671	0.029034	0.008521	0.006797	0.004355	0.002672	0.002941	0.007925	0.019276	0.626416	0.114607	0.055377	0.021113	0.004139	0.016115
163	na	2.843300	0.006432	0.035632	0.018424	0.006512	0.008129	0.015778	0.087691	0.005233	0.009903	0.004266	0.004046	0.421683	0.031763	0.023786	0.012698	0.174468	0.111062	0.009053	0.005588	0.007852
164	na	1.824795	0.007215	0.015864	0.006921	0.002698	0.056461	0.024185	0.002512	0.011381	0.008525	0.720570	0.005814	0.009053	0.013300	0.006441	0.011451	0.077296	0.004489	0.005975	0.006643	0.003206
165	na	2.923584	0.145787	0.007109	0.016754	0.005477	0.273240	0.032344	0.017063	0.049758	0.031858	0.310120	0.006075	0.010064	0.002082	0.007500	0.005650	0.035586	0.016260	0.022280	0.002234	0.002760
166	na	2.904015	0.009537	0.038034	0.016030	0.012438	0.005851	0.035244	0.004126	0.025646	0.007097	0.051216	0.024767	0.004442	0.022946	0.011776	0.442050	0.043232	0.023448	0.017782	0.195598	0.008739
167	na	1.951862	0.009649	0.023467	0.002061	0.003006	0.001121	0.004121	0.004021	0.026454	0.001241	0.402420	0.000768	0.001998	0.016196	0.002142	0.014193	0.005582	0.014829	0.454273	0.001231	0.011228
168	na	3.061035	0.003060	0.010816	0.009122	0.014061	0.007603	0.098194	0.013749	0.067474	0.010580	0.028041	0.017218	0.007096	0.005063	0.095710	0.064981	0.055040	0.426228	0.022229	0.007158	0.036576
169	na	3.475710	0.034212	0.004473	0.000641	0.154855	0.000801	0.033700	0.015164	0.040429	0.048763	0.049736	0.022983	0.000618	0.003761	0.113975	0.139476	0.091223	0.159334	0.084099	0.000942	0.000813
170	na	3.721748	0.132938	0.019345	0.084202	0.082761	0.018432	0.070526	0.016909	0.016401	0.134114	0.025078	0.006689	0.038763	0.011458	0.022223	0.186546	0.045593	0.014163	0.026603	0.003062	0.044195
171	na	3.136552	0.016794	0.000207	0.030034	0.020336	0.008451	0.076390	0.014405	0.016068	0.006860	0.050021	0.054873	0.204194	0.008207	0.320419	0.008417	0.025804	0.119456	0.010204	0.004838	0.004021
172	na	3.183445	0.032407	0.003143	0.046942	0.209149	0.006381	0.010640	0.006927	0.201297	0.001189	0.018645	0.017027	0.020126	0.135454	0.006491	0.004932	0.035217	0.187900	0.052677	0.001259	0.002198
173	na	3.224570	0.076052	0.000516	0.237367	0.196266	0.014526	0.003531	0.003531	0.040110	0.002159	0.057549	0.008527	0.005350	0.002294	0.002677	0.061543	0.097112	0.117655	0.005791	0.001318	0.066125
174	na	2.902584	0.016879	0.013453	0.022704	0.022184	0.098743	0.019500	0.033353	0.021398	0.011029	0.044248	0.027228	0.009038	0.007479	0.016110	0.015219	0.023642	0.048604	0.016933	0.017861	0.514395
175	na	3.345091	0.210491	0.002052	0.002360	0.164109	0.001349	0.014693	0.015748	0.072236	0.183438	0.011017	0.040441	0.019514	0.043357	0.000139	0.105184	0.044496	0.005824	0.023380	0.035687	0.004484
176	na	3.651017	0.034518	0.002003	0.034595	0.003032	0.040720	0.021456	0.030957	0.143613	0.057088	0.188352	0.002658	0.013361	0.024688	0.055096	0.017332	0.177012	0.040992	0.054919	0.017190	0.040419
177	na	2.698593	0.121291	0.011102	0.002161	0.007303	0.037874	0.005220	0.007905	0.036791	0.001133	0.215496	0.000127	0.001059	0.001586	0.002607	0.021268	0.048708	0.061771	0.401765	0.000404	0.014428
178	na	3.257162	0.177178	0.018029	0.002349	0.018316	0.004775	0.043852	0.002194	0.046840	0.015987	0.136702	0.006912	0.005149	0.003746	0.002446	0.036650	0.218458	0.088354	0.155135	0.011743	0.005183
179	na	3.064335	0.216597	0.007358	0.000701	0.001072	0.004070	0.010851	0.003646	0.056452	0.004149	0.030864	0.024706	0.034551	0.029160	0.066209	0.053963	0.303655	0.007259	0.135929	0.000245	0.008562
180	na	3.616715	0.035225	0.009273	0.009153	0.011677	0.071253	0.060616	0.003848	0.070739	0.000775	0.094508	0.009292	0.062794	0.013206	0.008190	0.040986	0.211515	0.042037	0.166386	0.051411	0.027115
181	na	2.799550	0.037306	0.007824	0.048561	0.013717	0.092446	0.008893	0.030996	0.028921	0.008519	0.033412	0.012319	0.014033	0.013514	0.008742	0.018691	0.027316	0.005038	0.033747	0.022427	0.533579
182	na	3.831660	0.063645	0.135881	0.001143	0.011506	0.012392	0.022257	0.005523	0.100826	0.017351	0.047933	0.051256	0.059213	0.026364	0.010668	0.065198	0.041474	0.107835	0.099353	0.109088	0.011093
183	na	2.633989	0.013505	0.301750	0.018654	0.030723	0.018609	0.006175	0.012249	0.008512	0.021868	0.009047	0.008857	0.432687	0.018389	0.011022	0.013613	0.013134	0.016256	0.016521	0.013994	0.014437
184	na	3.389371	0.008707	0.001155	0.004564	0.023944	0.002004	0.003121	0.023520	0.011328	0.145087	0.026051	0.028826	0.023166	0.003548	0.151519	0.082644	0.178536	0.018954	0.141479	0.006152	0.115695
185	na	3.468844	0.158428	0.001393	0.001800	0.030488	0.205524	0.047483	0.008551	0.038750	0.070931	0.132540	0.025556	0.023781	0.001266	0.022253	0.045851	0.019586	0.024145	0.134083	0.001022	0.006568
186	na	2.830276	0.001825	0.002031	0.046452	0.008372	0.000812	0.117931	0.025965	0.003296	0.156184	0.024876	0.015663	0.000649	0.004861	0.005247	0.029293	0.224792	0.316158	0.012145	0.001270	0.002180
187	na	2.515833	0.003066	0.009625	0.002974	0.008038	0.005607	0.032211	0.003281	0.031454	0.045551	0.145940	0.019601	0.015584	0.000134	0.081257	0.529991	0.013377	0.034922	0.015394	0.000949	0.001042
188	na	3.495961	0.039876	0.007854	0.049844	0.092640	0.025733	0.008723	0.010478	0.014119	0.012690	0.174029	0.000702	0.011792	0.239487	0.029441	0.048209	0.105276	0.055539	0.056856	0.001470	0.015238
189	na	2.317695	0.029962	0.002229	0.002533	0.004685	0.008832	0.002724	0.006970	0.341797	0.002058	0.215115	0.015886	0.001945	0.005794	0.002172	0.004236	0.023409	0.003159	0.321487	0.003378	0.001631
190	na	1.970847	0.137851	0.005013	0.005044	0.006411	0.023276	0.003134	0.006255	0.012891	0.003346	0.660374	0.002464	0.007362	0.008641	0.020234	0.012255	0.007113	0.015122	0.057609	0.002751	0.002854
191	na	2.197440	0.022871	0.010796	0.002015	0.002078	0.003179	0.001305	0.001279	0.356760	0.001218	0.281554	0.012006	0.001664	0.001877	0.002817	0.016048	0.006809	0.003204	0.267206	0.001417	0.003897
192	na	2.326046	0.009205	0.004853	0.002441	0.003309	0.019596	0.015109	0.006850	0.333873	0.002428	0.435918	0.024398	0.001648	0.005295	0.002685	0.020804	0.012304	0.019282	0.070716	0.003142	0.006144
193	na	2.198683	0.008780	0.003863	0.004436	0.002683	0.596709	0.013636	0.011772	0.008365	0.005427	0.017164	0.007950	0.005624	0.012888	0.008737	0.025173	0.021922	0.012328	0.020130	0.194843	0.017570
194	na	2.013617	0.047423	0.018159	0.018203	0.005810	0.003036	0.695137	0.003301	0.003171	0.007639	0.018719	0.003737	0.011468	0.033998	0.027975	0.005892	0.053364	0.007268	0.025774	0.005938	0.003988
195	na	2.485166	0.112977	0.009197	0.011984	0.004084	0.027237	0.047148	0.002042	0.081959	0.002839	0.059623	0.005020	0.004957	0.006706	0.005612	0.002845	0.010093	0.022690	0.551644	0.027402	0.003940
196	na	2.439730	0.051547	0.008329	0.045440	0.010652	0.023821	0.026831	0.622185	0.005773	0.006793	0.008547	0.004968	0.043777	0.019480	0.026738	0.024336	0.012987	0.021113	0.008499	0.008834	0.019350
197	na	3.418396	0.041065	0.012432	0.008372	0.001459	0.084649	0.006265	0.074728	0.087372	0.004680	0.018221	0.002086	0.089541	0.001748	0.242899	0.013397	0.161692	0.031855	0.084725	0.011636	0.021178
198	na	2.933999	0.046553	0.022023	0.016151	0.014602	0.009840	0.011930	0.110440	0.035612	0.009975	0.015061	0.007393	0.022657	0.482123	0.001960	0.057435	0.065476	0.011167	0.015714	0.014261	0.029624
199	na	1.889952	0.015108	0.004424	0.009779	0.001424	0.665212	0.002660	0.006182	0.008472	0.012954	0.009495	0.013195	0.001734	0.004848	0.008752	0.011519	0.165075	0.003749	0.029045	0.025146	0.001226
200	na	2.963596	0.018551	0.023624	0.010109	0.013889	0.021476	0.020645	0.022642	0.031018	0.128965	0.022437	0.009413	0.016022	0.027401	0.009532	0.030575	0.485997	0.053314	0.028333	0.011188	0.014867
201	na	3.503717	0.045145	0.004918	0.078814	0.020911	0.016939	0.007139	0.211854	0.080278	0.008455	0.144484	0.024849	0.003685	0.022786	0.007163	0.033493	0.116402	0.126935	0.038275	0.002053	0.005423
202	na	3.291115	0.052279	0.006448	0.075626	0.118596	0.009168	0.013902	0.080387	0.272642	0.028907	0.020872	0.005094	0.006548	0.002163	0.006825	0.029931	0.033165	0.019862	0.197332	0.000285	0.019970
203	na	3.194373	0.080016	0.021100	0.012102	0.220881	0.003019	0.021581	0.033953	0.042536	0.004138	0.005885	0.014161	0.007023	0.003065	0.022224	0.220528	0.009842	0.217582	0.018838	0.027999	0.013527
204	na	2.336862	0.031873	0.006912	0.009002	0.049448	0.011471	0.009627	0.014527	0.007285	0.010332	0.016230	0.003999	0.017803	0.017431	0.636058	0.016309	0.052683	0.059432	0.014725	0.007257	0.007595
