Log likelihood: -2029.9
Branch lengths optimized: 69
Model parameters optimized: 5
R_AG: 5.09524
R_AT: 1.83871
R_CA: 0.648105
R_CG: 1.45081
beta: 0.044555
