#SITE	WT_AA	SITE_ENTROPY	PI_A	PI_C	PI_D	PI_E	PI_F	PI_G	PI_H	PI_I	PI_K	PI_L	PI_M	PI_N	PI_P	PI_Q	PI_R	PI_S	PI_T	PI_V	PI_W	PI_Y
1	na	4.106695	0.053206	0.037081	0.034533	0.027818	0.033778	0.045948	0.045166	0.038157	0.032786	0.072090	0.179330	0.033800	0.048991	0.034749	0.073516	0.049615	0.061725	0.045806	0.022423	0.029481
2	na	1.353767	0.804101	0.004603	0.005151	0.009860	0.006123	0.013732	0.003091	0.005705	0.005158	0.004916	0.010425	0.003813	0.001631	0.003788	0.009359	0.007140	0.006921	0.084734	0.004899	0.004851
3	na	2.778048	0.039801	0.002215	0.001867	0.005256	0.128758	0.001847	0.014529	0.007933	0.001571	0.412170	0.005394	0.017455	0.006209	0.010255	0.013283	0.168711	0.021682	0.009201	0.025825	0.106037
4	na	3.661359	0.015403	0.012209	0.005067	0.034620	0.099269	0.017346	0.027964	0.114546	0.015132	0.199259	0.006601	0.052777	0.000943	0.004930	0.077162	0.127926	0.047805	0.034527	0.028512	0.078003
5	na	3.066281	0.069593	0.039310	0.002639	0.001326	0.005608	0.099528	0.014501	0.008921	0.001100	0.002470	0.002359	0.028508	0.137901	0.000550	0.147717	0.316419	0.074799	0.001481	0.037742	0.007528
6	na	1.276636	0.005462	0.006770	0.004913	0.004025	0.004540	0.008120	0.010823	0.045159	0.003526	0.015035	0.004407	0.006234	0.013737	0.003635	0.008771	0.007388	0.833609	0.004799	0.004807	0.004242
7	na	1.670406	0.007507	0.020368	0.009499	0.012246	0.007353	0.006737	0.014378	0.011313	0.776426	0.009039	0.005707	0.037321	0.007208	0.014375	0.017634	0.007087	0.011513	0.008004	0.009594	0.006691
8	na	1.335243	0.004411	0.010322	0.004424	0.003642	0.003693	0.017552	0.002563	0.003425	0.003063	0.031907	0.003334	0.002934	0.010108	0.048524	0.817385	0.004479	0.009662	0.007833	0.008089	0.002651
9	na	2.602402	0.242727	0.002101	0.001466	0.000537	0.028562	0.005934	0.001829	0.003832	0.000764	0.356730	0.024671	0.162603	0.011798	0.000608	0.004201	0.111541	0.008999	0.009268	0.010638	0.011191
10	na	3.319278	0.118718	0.008326	0.001282	0.001653	0.004918	0.006942	0.077844	0.145750	0.094949	0.165642	0.007010	0.012180	0.018593	0.027290	0.004093	0.018768	0.025769	0.213932	0.000520	0.045821
11	na	3.630214	0.037820	0.040166	0.045892	0.209548	0.011111	0.035999	0.008888	0.036943	0.014726	0.031545	0.009734	0.019562	0.009637	0.018230	0.113371	0.176181	0.042355	0.109336	0.010181	0.018776
12	na	2.709071	0.011477	0.006246	0.001909	0.002763	0.018267	0.001850	0.136087	0.009014	0.173565	0.041347	0.007580	0.051982	0.004554	0.009781	0.419467	0.086060	0.006220	0.005841	0.002254	0.003736
13	na	3.469399	0.041579	0.012920	0.087565	0.051730	0.028427	0.020001	0.007755	0.083349	0.013530	0.060222	0.348385	0.016450	0.017627	0.023873	0.028031	0.061442	0.021295	0.057363	0.012263	0.006193
14	na	3.551370	0.019123	0.059091	0.049990	0.299927	0.050134	0.029921	0.005503	0.048496	0.032691	0.044000	0.007967	0.085371	0.002844	0.026935	0.042269	0.031748	0.122215	0.030141	0.005471	0.006163
15	na	2.799045	0.012681	0.010763	0.009579	0.015833	0.008136	0.010141	0.037456	0.131538	0.006633	0.174896	0.005085	0.019857	0.004776	0.010802	0.017912	0.029042	0.439003	0.044623	0.004328	0.006916
16	na	3.412719	0.063552	0.017901	0.320869	0.041492	0.011551	0.190068	0.029821	0.018189	0.008983	0.025893	0.027642	0.039949	0.020479	0.036166	0.036116	0.058464	0.019305	0.013034	0.008434	0.012092
17	na	3.272583	0.092190	0.166533	0.003493	0.014073	0.005938	0.297246	0.008685	0.008063	0.025205	0.013802	0.014829	0.010900	0.131032	0.025831	0.077531	0.045328	0.030004	0.017598	0.004866	0.006852
18	na	3.804519	0.051844	0.013878	0.040111	0.153843	0.019144	0.027770	0.073115	0.032170	0.014188	0.154813	0.002982	0.016748	0.068612	0.010165	0.031057	0.067911	0.107423	0.083919	0.013122	0.017185
19	na	1.488843	0.010045	0.013612	0.020834	0.006064	0.005354	0.006884	0.015094	0.006394	0.012374	0.007114	0.007059	0.005455	0.005420	0.011587	0.807796	0.007477	0.013498	0.022195	0.003183	0.012562
20	na	2.614768	0.013385	0.012821	0.005668	0.007764	0.004686	0.009370	0.006149	0.005735	0.005893	0.042454	0.005632	0.009696	0.245410	0.439029	0.068461	0.079482	0.019049	0.007506	0.004579	0.007232
21	na	3.345214	0.010932	0.002983	0.011062	0.002761	0.003053	0.009266	0.011809	0.004791	0.113731	0.113504	0.084458	0.071785	0.155549	0.006300	0.123155	0.204332	0.045810	0.018457	0.003275	0.002987
22	na	3.072228	0.186302	0.003946	0.001535	0.015277	0.010813	0.009178	0.005984	0.009604	0.065194	0.014789	0.001765	0.004307	0.021534	0.008771	0.180964	0.251800	0.065047	0.133630	0.005203	0.004357
23	na	3.534594	0.101600	0.031282	0.003177	0.001442	0.039891	0.022153	0.155362	0.017143	0.010075	0.116065	0.002513	0.006408	0.004149	0.083735	0.115474	0.168939	0.065433	0.026961	0.002932	0.025266
24	na	3.441096	0.044545	0.020615	0.013600	0.271537	0.008722	0.011840	0.046199	0.045581	0.004401	0.042044	0.009813	0.006650	0.040183	0.178959	0.066975	0.030448	0.025705	0.117751	0.007656	0.006777
25	na	2.802849	0.007270	0.002701	0.004375	0.018987	0.004531	0.295146	0.004303	0.155448	0.005207	0.008384	0.004667	0.002696	0.004293	0.137591	0.240793	0.040289	0.005812	0.051138	0.004945	0.001426
26	na	2.268988	0.006902	0.004704	0.007264	0.007872	0.004716	0.010717	0.005516	0.014105	0.016886	0.044528	0.003886	0.002843	0.011429	0.002355	0.492085	0.301318	0.020923	0.018453	0.005214	0.018286
27	na	3.199260	0.163755	0.005272	0.004287	0.014195	0.002945	0.010909	0.072357	0.004703	0.048757	0.057657	0.005479	0.026314	0.001115	0.030576	0.096287	0.113200	0.031128	0.304854	0.002595	0.003616
28	na	2.843297	0.079754	0.027825	0.002726	0.002526	0.007350	0.082802	0.016747	0.008423	0.019172	0.040248	0.005687	0.009067	0.006987	0.112264	0.089792	0.455729	0.009292	0.012929	0.004012	0.006669
29	na	2.924543	0.014710	0.014216	0.060794	0.003941	0.020129	0.016250	0.004026	0.101234	0.004411	0.020443	0.015890	0.006333	0.028625	0.004833	0.101635	0.113477	0.024950	0.434634	0.005539	0.003931
30	na	3.377403	0.079641	0.055094	0.003135	0.015582	0.012691	0.327357	0.001843	0.006791	0.030334	0.011454	0.008407	0.039773	0.020608	0.109071	0.051798	0.074227	0.096829	0.033159	0.006185	0.016022
31	na	3.003450	0.020799	0.049979	0.004584	0.022476	0.006044	0.030186	0.011238	0.048973	0.161798	0.033888	0.009841	0.040705	0.027150	0.009798	0.438193	0.031754	0.031708	0.014364	0.002134	0.004388
32	na	3.321635	0.015766	0.009121	0.023834	0.017481	0.043124	0.060859	0.025219	0.013177	0.010585	0.011214	0.139486	0.351252	0.045482	0.009454	0.041968	0.063171	0.089501	0.018978	0.005618	0.004712
33	na	3.455957	0.093101	0.076660	0.007191	0.029147	0.004479	0.159066	0.002025	0.211071	0.003903	0.053653	0.026066	0.008003	0.019827	0.004661	0.013790	0.076991	0.103413	0.097816	0.002169	0.006968
34	na	3.690616	0.187744	0.055363	0.071277	0.090951	0.051281	0.042050	0.011111	0.153464	0.004768	0.048307	0.012641	0.029032	0.003054	0.007630	0.034148	0.060031	0.025358	0.099257	0.004323	0.008210
35	na	3.086253	0.059513	0.017374	0.003647	0.006457	0.012359	0.373526	0.026175	0.017924	0.014098	0.047701	0.003214	0.011847	0.027720	0.009333	0.030911	0.216360	0.063635	0.024650	0.009398	0.024158
36	na	3.449173	0.105995	0.012083	0.017913	0.010339	0.143603	0.057439	0.003616	0.166425	0.007001	0.070123	0.005021	0.004224	0.015961	0.020917	0.038374	0.074296	0.210289	0.022029	0.008027	0.006323
37	na	2.992649	0.054317	0.025026	0.017882	0.007082	0.009480	0.223288	0.007570	0.010562	0.010999	0.023218	0.003583	0.002572	0.054582	0.009069	0.019627	0.332771	0.008172	0.156037	0.013488	0.010676
38	na	3.297697	0.020872	0.022049	0.032407	0.008726	0.019969	0.047807	0.043968	0.011885	0.048581	0.046233	0.013025	0.009981	0.080303	0.046038	0.421305	0.024450	0.045928	0.023291	0.012647	0.020537
39	na	3.793177	0.093450	0.056338	0.009361	0.007166	0.132945	0.010728	0.012909	0.027476	0.011061	0.058736	0.012706	0.109800	0.048362	0.019362	0.056629	0.164654	0.021457	0.051650	0.081900	0.013309
40	na	3.223886	0.095701	0.006217	0.010980	0.007378	0.014218	0.018305	0.154691	0.022068	0.004483	0.040158	0.006068	0.004930	0.034374	0.021656	0.319445	0.029465	0.012576	0.047643	0.005662	0.143983
41	na	3.517412	0.028534	0.017549	0.029315	0.005489	0.052867	0.071009	0.006305	0.071043	0.001582	0.022136	0.006276	0.002488	0.114313	0.042873	0.032426	0.286590	0.093154	0.073018	0.024534	0.018500
42	na	3.291996	0.067300	0.015137	0.008078	0.042819	0.018488	0.037246	0.027213	0.018961	0.019898	0.029164	0.009824	0.011282	0.079841	0.410040	0.024907	0.088345	0.022676	0.024280	0.014347	0.030156
43	na	3.910888	0.121371	0.025599	0.029357	0.030843	0.054088	0.039107	0.022489	0.032256	0.029018	0.085781	0.093334	0.031378	0.023799	0.007206	0.040539	0.061691	0.184222	0.051002	0.004994	0.031926
44	na	3.705222	0.110195	0.108469	0.007311	0.049224	0.011298	0.119962	0.026403	0.183743	0.003945	0.106839	0.007409	0.028008	0.019499	0.018918	0.013360	0.062401	0.061030	0.026775	0.011895	0.023316
45	na	2.540126	0.025266	0.013248	0.005293	0.006589	0.013006	0.007798	0.006513	0.011380	0.006277	0.040416	0.009990	0.049713	0.023701	0.004904	0.015405	0.407572	0.331044	0.013505	0.003972	0.004408
46	na	3.326994	0.015357	0.051982	0.030062	0.243150	0.099547	0.015339	0.027804	0.011264	0.011347	0.032354	0.009723	0.036237	0.269708	0.024694	0.021187	0.010026	0.066237	0.009272	0.007536	0.007172
47	na	3.293237	0.005183	0.028034	0.036979	0.020151	0.003015	0.094543	0.009550	0.054116	0.002614	0.240944	0.003149	0.006363	0.116463	0.003517	0.077148	0.058895	0.031123	0.201664	0.003120	0.003427
48	na	3.632494	0.063709	0.011156	0.007371	0.009412	0.025079	0.045978	0.048880	0.045644	0.149959	0.131483	0.010320	0.009406	0.023434	0.149245	0.029030	0.017063	0.161299	0.049886	0.007539	0.004106
49	na	3.430852	0.034344	0.026417	0.013383	0.011916	0.127861	0.019016	0.010194	0.038325	0.006660	0.299950	0.014395	0.023185	0.059940	0.009883	0.063194	0.046689	0.139034	0.044297	0.006080	0.005238
50	na	3.617239	0.173427	0.013479	0.005507	0.009010	0.066703	0.075882	0.034169	0.003708	0.003596	0.071340	0.021088	0.008894	0.132995	0.132334	0.083900	0.089738	0.030370	0.034507	0.001287	0.008065
51	na	3.506216	0.049100	0.018393	0.038173	0.011927	0.001020	0.141735	0.009666	0.043422	0.002870	0.142134	0.004880	0.035513	0.014075	0.075328	0.042898	0.047305	0.206033	0.111867	0.001546	0.002114
52	na	3.246863	0.364944	0.012765	0.003041	0.057024	0.008710	0.047047	0.012595	0.015610	0.001088	0.019654	0.007532	0.070073	0.005234	0.003395	0.066071	0.048741	0.107832	0.070782	0.011860	0.066001
53	na	3.272333	0.276608	0.027166	0.024803	0.132350	0.010078	0.023718	0.002949	0.010248	0.002886	0.017592	0.011084	0.020096	0.015499	0.049499	0.040725	0.220681	0.070676	0.021911	0.003373	0.018057
54	na	3.364772	0.055924	0.015766	0.045392	0.017688	0.008884	0.297105	0.010514	0.008108	0.006317	0.027651	0.006614	0.014355	0.061616	0.039060	0.075135	0.180361	0.092270	0.021502	0.004574	0.011165
55	na	3.435693	0.033198	0.011448	0.019483	0.003479	0.034594	0.007128	0.049590	0.042073	0.228101	0.038986	0.010389	0.007663	0.074438	0.009057	0.261846	0.032554	0.029693	0.048713	0.008560	0.049006
56	na	3.515538	0.055146	0.016468	0.007616	0.036199	0.009656	0.051347	0.008910	0.040837	0.006608	0.218908	0.012074	0.181549	0.026898	0.014336	0.033831	0.155159	0.073316	0.025711	0.004918	0.020514
57	na	3.288445	0.087799	0.014923	0.010345	0.019777	0.012909	0.038039	0.008123	0.163346	0.011679	0.115630	0.006043	0.027661	0.033419	0.004966	0.037642	0.033013	0.041172	0.321617	0.002546	0.009348
58	na	3.782486	0.036737	0.015158	0.039424	0.013041	0.011316	0.056692	0.010074	0.034757	0.069082	0.040496	0.003966	0.098303	0.088108	0.224834	0.088668	0.065822	0.035850	0.033511	0.009269	0.024893
59	na	3.372879	0.035088	0.009440	0.067639	0.014098	0.008008	0.300637	0.029745	0.006904	0.013208	0.025991	0.006451	0.139213	0.035028	0.012419	0.047364	0.029341	0.143196	0.064138	0.006075	0.006016
60	na	3.266758	0.033567	0.031441	0.008334	0.004872	0.008570	0.164539	0.004568	0.015989	0.008674	0.082291	0.014331	0.034989	0.013704	0.016581	0.090411	0.324321	0.089078	0.038628	0.004053	0.011058
61	na	2.998737	0.022481	0.002630	0.132094	0.004225	0.009461	0.055328	0.017592	0.014381	0.010789	0.264694	0.005987	0.018262	0.015290	0.027271	0.019214	0.032965	0.024833	0.315392	0.003658	0.003451
62	na	3.423356	0.062883	0.015838	0.014450	0.066063	0.007364	0.101507	0.017871	0.006296	0.005405	0.018460	0.002500	0.151729	0.028347	0.008927	0.082055	0.174362	0.205304	0.014011	0.008328	0.008300
63	na	3.318732	0.209082	0.041558	0.003436	0.005117	0.023093	0.006682	0.006177	0.103911	0.016087	0.257019	0.025634	0.003195	0.055135	0.018145	0.103171	0.042451	0.054033	0.004795	0.006633	0.014647
64	na	3.754003	0.023907	0.031086	0.049525	0.211982	0.018510	0.165820	0.030509	0.042068	0.011767	0.063377	0.007361	0.026262	0.042607	0.007789	0.073860	0.084498	0.043041	0.029167	0.011869	0.024996
65	na	2.329752	0.025015	0.010138	0.006962	0.021428	0.004051	0.017391	0.007105	0.007362	0.036386	0.016832	0.004690	0.024407	0.050650	0.010232	0.640253	0.024838	0.034016	0.048030	0.005364	0.004852
66	na	4.010441	0.081321	0.039392	0.030669	0.016340	0.031818	0.064523	0.019751	0.042003	0.045592	0.050799	0.078830	0.034462	0.025365	0.054923	0.054574	0.186338	0.054214	0.062934	0.008989	0.017163
67	na	3.737043	0.061167	0.023182	0.023466	0.038437	0.018442	0.059650	0.024063	0.027936	0.021537	0.029290	0.019701	0.142512	0.020445	0.025985	0.026247	0.086959	0.050743	0.251053	0.005677	0.043508
68	na	3.448723	0.027927	0.021968	0.010840	0.013370	0.021453	0.053733	0.022826	0.072369	0.030279	0.321452	0.006277	0.035873	0.044920	0.031487	0.039364	0.173613	0.030453	0.018537	0.007825	0.015433
69	na	2.490229	0.016390	0.023010	0.014820	0.014477	0.010008	0.060478	0.005397	0.010485	0.007310	0.040845	0.010312	0.019786	0.051804	0.008185	0.039622	0.605871	0.018363	0.030692	0.003208	0.008938
70	na	2.835995	0.214853	0.010862	0.021808	0.005251	0.005914	0.164608	0.011326	0.005628	0.010986	0.012524	0.002478	0.007727	0.012706	0.008597	0.031595	0.363789	0.076209	0.006150	0.004911	0.022078
71	na	3.627602	0.060213	0.010217	0.035405	0.019441	0.181778	0.029225	0.018799	0.010803	0.072245	0.035406	0.004153	0.039275	0.064638	0.048555	0.252362	0.031148	0.019796	0.023718	0.015384	0.027440
72	na	3.476052	0.026676	0.036544	0.268866	0.021149	0.029855	0.018072	0.008740	0.030891	0.024589	0.024419	0.026066	0.013498	0.023852	0.011406	0.219975	0.032678	0.083881	0.070256	0.006112	0.022475
73	na	2.700602	0.015870	0.009821	0.026465	0.021621	0.008278	0.003909	0.004270	0.061236	0.011448	0.442722	0.003905	0.002423	0.000822	0.018547	0.018765	0.053543	0.203705	0.087818	0.001960	0.002872
74	na	2.840486	0.034372	0.004727	0.088403	0.011340	0.005699	0.008223	0.006887	0.007658	0.013851	0.148530	0.003336	0.010996	0.011246	0.074662	0.442760	0.029846	0.009566	0.075830	0.004049	0.008019
75	na	2.502815	0.009023	0.012008	0.032184	0.007552	0.005537	0.034059	0.023009	0.007674	0.174550	0.008876	0.006838	0.011624	0.019436	0.003868	0.544175	0.012077	0.007981	0.023518	0.006695	0.049317
76	na	3.613120	0.025315	0.037788	0.011600	0.034845	0.011526	0.024746	0.005599	0.205612	0.023097	0.199670	0.048364	0.141860	0.007468	0.032300	0.024547	0.033615	0.033489	0.026740	0.056531	0.015290
77	na	3.885965	0.079871	0.043009	0.001987	0.005122	0.007376	0.053748	0.107054	0.056195	0.060468	0.061302	0.040426	0.085957	0.013916	0.029528	0.126342	0.073764	0.099747	0.042591	0.005992	0.005602
78	na	3.517658	0.057680	0.013188	0.006849	0.060845	0.035714	0.021458	0.097847	0.029672	0.009919	0.029372	0.002493	0.019873	0.023338	0.013857	0.088729	0.038660	0.023458	0.097271	0.017540	0.312237
79	na	2.361089	0.031488	0.011960	0.006440	0.016708	0.025103	0.029196	0.013506	0.034894	0.008079	0.650367	0.020326	0.025407	0.028941	0.009859	0.021231	0.018555	0.014466	0.016356	0.004404	0.012713
80	na	3.765592	0.046372	0.013993	0.040525	0.268738	0.071200	0.032715	0.017262	0.066506	0.028592	0.049100	0.010413	0.025670	0.009405	0.044158	0.023533	0.075343	0.035466	0.033316	0.016990	0.090701
81	na	3.731744	0.019307	0.032673	0.076496	0.212485	0.018733	0.035869	0.026912	0.025642	0.015229	0.057623	0.019164	0.028213	0.014308	0.011568	0.044849	0.118660	0.042414	0.152530	0.003886	0.043436
82	na	3.734728	0.017826	0.070242	0.004258	0.004480	0.192202	0.005368	0.073358	0.030126	0.019229	0.014019	0.048616	0.031572	0.002916	0.131473	0.067574	0.098516	0.063156	0.055663	0.013541	0.055866
83	na	3.122932	0.073702	0.055728	0.004139	0.006051	0.020264	0.012433	0.024409	0.009337	0.004158	0.018135	0.025530	0.018443	0.210218	0.353670	0.021594	0.078953	0.019372	0.029342	0.011681	0.002842
84	na	2.631881	0.492561	0.011442	0.001644	0.004727	0.001074	0.044385	0.008203	0.004037	0.004473	0.025857	0.020848	0.101862	0.007456	0.007542	0.015428	0.155083	0.047992	0.014982	0.028360	0.002043
85	na	3.758271	0.179929	0.020524	0.005536	0.010728	0.023123	0.122678	0.015083	0.039573	0.014580	0.057668	0.008351	0.055162	0.018698	0.070912	0.085784	0.122872	0.067643	0.051425	0.002270	0.027463
86	na	3.413894	0.084083	0.008865	0.006983	0.007935	0.007854	0.232183	0.032886	0.006413	0.019425	0.067765	0.001966	0.066950	0.069360	0.026014	0.158057	0.144697	0.041338	0.009331	0.001882	0.006013
87	na	3.222250	0.023931	0.027580	0.006798	0.044260	0.009269	0.031113	0.022896	0.033663	0.442536	0.021211	0.015086	0.011188	0.035319	0.021079	0.046378	0.055300	0.042486	0.066061	0.003595	0.040253
88	na	3.402974	0.010514	0.047084	0.257021	0.025387	0.018977	0.050663	0.006321	0.045570	0.009458	0.028553	0.009434	0.172982	0.019571	0.051893	0.020198	0.171684	0.021764	0.024031	0.006056	0.002838
89	na	3.425082	0.118619	0.071673	0.010775	0.008207	0.027472	0.039147	0.006845	0.019956	0.003773	0.100700	0.004423	0.012248	0.226142	0.003954	0.021763	0.057031	0.016327	0.199026	0.038787	0.013131
90	na	3.498291	0.027528	0.005356	0.007303	0.000961	0.004900	0.016788	0.031537	0.132682	0.062807	0.045799	0.005130	0.074712	0.002981	0.138677	0.213081	0.061356	0.112510	0.036308	0.006614	0.012968
91	na	2.806958	0.031370	0.038670	0.016227	0.005926	0.008317	0.008612	0.018468	0.007766	0.285603	0.019777	0.005420	0.021786	0.032841	0.011412	0.398620	0.037648	0.015009	0.010336	0.007424	0.018768
92	na	2.901781	0.045383	0.010069	0.019881	0.008196	0.028148	0.031456	0.011155	0.029271	0.010683	0.073199	0.020567	0.088030	0.020762	0.013638	0.028206	0.025232	0.506531	0.016120	0.006835	0.006639
93	na	3.130288	0.024166	0.007859	0.027340	0.026567	0.030695	0.465497	0.028518	0.023568	0.023393	0.043536	0.020441	0.007600	0.017233	0.063927	0.048041	0.033819	0.071641	0.014711	0.013964	0.007484
94	na	2.980829	0.024017	0.012410	0.030224	0.048058	0.008929	0.501933	0.009148	0.034686	0.017954	0.063931	0.022647	0.017164	0.020120	0.015668	0.053627	0.037328	0.047008	0.019805	0.006628	0.008716
95	na	3.270349	0.033479	0.041853	0.024777	0.008117	0.008215	0.230984	0.018424	0.007692	0.013840	0.025575	0.008414	0.010308	0.308578	0.016346	0.045695	0.080194	0.029002	0.061821	0.007035	0.019651
96	na	3.407427	0.017081	0.029311	0.004784	0.018887	0.040378	0.015013	0.005552	0.167805	0.009810	0.253530	0.013504	0.007969	0.030334	0.010634	0.022236	0.056135	0.099745	0.150879	0.006618	0.039794
97	na	3.860314	0.054220	0.008633	0.010960	0.062300	0.075210	0.033598	0.033985	0.025244	0.147868	0.054771	0.003434	0.047098	0.024204	0.062013	0.040375	0.034424	0.030131	0.070253	0.005045	0.176233
98	na	3.613293	0.036902	0.028657	0.009984	0.008301	0.007315	0.022015	0.029487	0.018504	0.081958	0.072358	0.016221	0.046786	0.024750	0.030806	0.221457	0.193232	0.076594	0.057326	0.011528	0.005820
99	na	2.679798	0.016881	0.027644	0.012289	0.017934	0.007165	0.024108	0.008592	0.009863	0.060501	0.025738	0.004566	0.014518	0.019054	0.004974	0.533593	0.018210	0.129900	0.015881	0.004004	0.044584
100	na	3.405047	0.129705	0.013134	0.002867	0.018227	0.006767	0.033674	0.098409	0.019486	0.004057	0.287607	0.009397	0.020113	0.060728	0.018597	0.091535	0.046218	0.037512	0.093833	0.007152	0.000985
101	na	3.514200	0.076956	0.014112	0.149587	0.026572	0.004156	0.022633	0.017682	0.054639	0.011786	0.101991	0.005967	0.011534	0.159547	0.011529	0.028729	0.077202	0.193999	0.024580	0.003696	0.003102
102	na	3.103816	0.007341	0.010124	0.006146	0.012026	0.026104	0.023241	0.041350	0.007912	0.038962	0.134104	0.002152	0.012818	0.016786	0.010001	0.388406	0.128217	0.008185	0.014317	0.063775	0.048035
103	na	3.702216	0.036066	0.021172	0.012288	0.018230	0.008101	0.022761	0.078107	0.020675	0.159191	0.044731	0.014828	0.168513	0.021060	0.012668	0.090374	0.076050	0.059994	0.122661	0.004737	0.007792
104	na	3.794064	0.049660	0.014044	0.024191	0.013954	0.135077	0.025364	0.015169	0.103885	0.010733	0.060792	0.004562	0.019172	0.034062	0.008730	0.055997	0.040085	0.071169	0.173233	0.107957	0.032162
105	na	3.610592	0.029940	0.031642	0.018173	0.015495	0.074350	0.024097	0.036596	0.034719	0.040004	0.323789	0.070750	0.038998	0.015304	0.031541	0.026067	0.098024	0.011488	0.038822	0.008002	0.032199
106	na	2.666084	0.019931	0.006705	0.020635	0.034476	0.008216	0.018885	0.004793	0.033539	0.022344	0.093719	0.005609	0.005968	0.019724	0.014103	0.560268	0.024410	0.040792	0.042913	0.007997	0.014973
107	na	3.440265	0.096886	0.007176	0.233006	0.216455	0.009925	0.027385	0.008862	0.023997	0.018933	0.010075	0.012185	0.024575	0.051517	0.011124	0.039202	0.109564	0.055571	0.026236	0.009136	0.008191
108	na	2.673545	0.026079	0.008201	0.005361	0.013943	0.024029	0.029379	0.008338	0.034829	0.035901	0.574450	0.009569	0.010472	0.047274	0.017645	0.019478	0.059566	0.029914	0.018236	0.005881	0.021455
109	na	3.531414	0.043878	0.124388	0.012574	0.070901	0.011804	0.040459	0.008829	0.055238	0.018683	0.140803	0.005511	0.005710	0.013812	0.031677	0.041569	0.041812	0.059635	0.259960	0.005727	0.007030
110	na	2.245395	0.010819	0.008066	0.025650	0.004607	0.013861	0.014780	0.006600	0.014328	0.031448	0.639376	0.004936	0.006344	0.097672	0.006921	0.051170	0.021811	0.018087	0.013238	0.005616	0.004669
111	na	3.171836	0.018805	0.004121	0.019704	0.012816	0.014291	0.018024	0.042116	0.035488	0.006083	0.073442	0.023623	0.006466	0.038498	0.019884	0.003613	0.116852	0.405765	0.037103	0.014508	0.088796
112	na	3.652465	0.033987	0.022111	0.182844	0.034130	0.009325	0.036931	0.021240	0.025079	0.011709	0.157273	0.005985	0.083191	0.016327	0.013468	0.140414	0.022350	0.020637	0.078356	0.002694	0.081951
113	na	3.300044	0.017845	0.012648	0.031657	0.019845	0.040666	0.014300	0.031255	0.012200	0.393530	0.073213	0.004960	0.026523	0.020026	0.053395	0.060863	0.116135	0.021500	0.022166	0.012283	0.014991
114	na	3.777379	0.014747	0.020693	0.059642	0.241553	0.038357	0.061371	0.020642	0.060648	0.059329	0.042106	0.008387	0.009706	0.020471	0.039379	0.025526	0.025309	0.029686	0.015482	0.102409	0.104558
115	na	3.293531	0.050026	0.015650	0.027395	0.387511	0.013379	0.015584	0.022106	0.056080	0.021743	0.088484	0.007180	0.026150	0.021337	0.016775	0.114028	0.051148	0.032937	0.018290	0.004431	0.009766
116	na	2.765603	0.031045	0.029577	0.016280	0.009261	0.012356	0.026053	0.002912	0.181424	0.004817	0.024733	0.001516	0.034371	0.014522	0.007271	0.021800	0.022210	0.086986	0.465072	0.001813	0.005981
117	na	3.581196	0.019298	0.022498	0.003377	0.014628	0.012055	0.014641	0.018315	0.056866	0.017825	0.115134	0.054982	0.008859	0.004283	0.132432	0.220105	0.127665	0.064389	0.048082	0.006272	0.038294
118	na	3.061817	0.033198	0.013047	0.014834	0.012654	0.023360	0.043690	0.021520	0.045205	0.031393	0.070734	0.005812	0.005538	0.038448	0.015104	0.482096	0.044099	0.030261	0.033693	0.006510	0.028802
119	na	3.294197	0.017919	0.018366	0.026692	0.013774	0.015551	0.058113	0.017674	0.399749	0.011590	0.053890	0.021878	0.021756	0.033848	0.016264	0.026157	0.037816	0.043365	0.133084	0.012336	0.020177
120	na	3.916524	0.042923	0.035291	0.025554	0.016882	0.051392	0.050279	0.015488	0.033979	0.049327	0.037119	0.027176	0.011756	0.057167	0.043176	0.036381	0.032252	0.025386	0.064958	0.128702	0.214813
121	na	3.049118	0.030091	0.018439	0.010578	0.010281	0.018211	0.018231	0.036100	0.017140	0.036129	0.118014	0.005290	0.026184	0.011793	0.009662	0.409616	0.161484	0.023186	0.016692	0.003153	0.019727
122	na	3.116173	0.011420	0.036967	0.002653	0.005392	0.005560	0.005549	0.020259	0.179995	0.004267	0.147482	0.017191	0.002875	0.027958	0.097076	0.061816	0.036879	0.018967	0.308257	0.001067	0.008369
123	na	3.023213	0.292255	0.006087	0.006888	0.004973	0.006287	0.259666	0.010220	0.009080	0.004876	0.075762	0.003180	0.014649	0.027154	0.009964	0.087309	0.100556	0.026629	0.046069	0.002380	0.006015
124	na	3.539454	0.045167	0.051113	0.021633	0.027187	0.052867	0.004580	0.019279	0.025188	0.013232	0.026339	0.022140	0.158152	0.039514	0.018307	0.034976	0.294248	0.021291	0.010524	0.016193	0.098068
125	na	3.857912	0.040951	0.023577	0.006989	0.014223	0.044020	0.051380	0.010195	0.048630	0.018577	0.135918	0.025981	0.156562	0.014812	0.023433	0.075071	0.100751	0.067790	0.071311	0.003165	0.066665
126	na	3.167662	0.117015	0.049689	0.006056	0.004478	0.002809	0.172575	0.010299	0.007684	0.006374	0.268045	0.025253	0.010129	0.011810	0.002725	0.166375	0.028120	0.069648	0.031798	0.005499	0.003619
127	na	3.850336	0.060292	0.013271	0.043700	0.021532	0.023764	0.073969	0.029188	0.041069	0.020123	0.217324	0.012306	0.014460	0.026549	0.086490	0.077634	0.071312	0.040157	0.091829	0.025279	0.009752
128	na	3.475399	0.179504	0.005805	0.029787	0.021525	0.138195	0.028680	0.212919	0.008903	0.007622	0.058698	0.003815	0.006205	0.011490	0.008078	0.020421	0.059930	0.071547	0.031170	0.005338	0.090368
129	na	3.440475	0.185228	0.030178	0.006646	0.008725	0.013894	0.186350	0.016407	0.009055	0.121350	0.066943	0.010087	0.015836	0.010335	0.010998	0.155904	0.034063	0.062189	0.049032	0.002456	0.004324
130	na	3.463975	0.018634	0.059810	0.012692	0.007997	0.010260	0.011096	0.050355	0.014099	0.078552	0.117357	0.021192	0.010352	0.018340	0.010371	0.066630	0.061524	0.265917	0.151465	0.003902	0.009454
131	na	2.856292	0.215771	0.012781	0.007544	0.022535	0.005091	0.032341	0.053199	0.010854	0.004300	0.022345	0.005237	0.012265	0.385674	0.003620	0.013394	0.140627	0.019824	0.022414	0.005633	0.004552
132	na	3.066236	0.022390	0.013652	0.028543	0.008386	0.005870	0.341829	0.013132	0.270927	0.007057	0.048722	0.018671	0.017789	0.024898	0.015446	0.043482	0.060175	0.018143	0.024202	0.006529	0.010157
133	na	2.438532	0.024937	0.003881	0.010450	0.004678	0.008922	0.019812	0.002288	0.470444	0.039927	0.290075	0.013504	0.008630	0.021277	0.014378	0.008592	0.016596	0.013440	0.022305	0.003272	0.002590
134	na	2.898384	0.061188	0.060142	0.011488	0.005571	0.023785	0.019807	0.005879	0.011172	0.004274	0.040362	0.006747	0.006804	0.032545	0.006146	0.021684	0.124365	0.462238	0.079193	0.005496	0.011112
135	na	3.680646	0.052331	0.010308	0.018102	0.026638	0.017252	0.058767	0.291648	0.024245	0.044845	0.041407	0.014937	0.032730	0.082068	0.029760	0.091469	0.073529	0.034093	0.023854	0.004840	0.027178
136	na	3.753114	0.136802	0.039441	0.006415	0.037527	0.026204	0.045570	0.020021	0.185868	0.003707	0.077245	0.063234	0.009728	0.023250	0.109281	0.011935	0.063338	0.043646	0.074144	0.002779	0.019865
137	na	3.725411	0.039941	0.010212	0.014375	0.011085	0.028646	0.026307	0.011532	0.083080	0.086222	0.091441	0.212137	0.008891	0.074727	0.013937	0.022946	0.106985	0.091922	0.035375	0.007377	0.022862
138	na	2.842821	0.024920	0.006832	0.013249	0.007573	0.017216	0.038542	0.006454	0.510877	0.019585	0.082167	0.019886	0.018063	0.092979	0.006851	0.022130	0.043462	0.019292	0.031957	0.007645	0.010321
139	na	3.741218	0.038880	0.025859	0.008205	0.022189	0.011657	0.036660	0.041649	0.046037	0.021302	0.271552	0.014921	0.018004	0.034957	0.034052	0.061579	0.062801	0.100604	0.044884	0.087120	0.017088
140	na	3.884807	0.052331	0.023715	0.047631	0.040999	0.018243	0.072267	0.240236	0.062624	0.012437	0.069952	0.014934	0.056955	0.028361	0.053507	0.031957	0.058638	0.027149	0.048768	0.009329	0.029966
141	na	2.690085	0.025165	0.018016	0.021987	0.007017	0.054973	0.051221	0.020500	0.028634	0.010075	0.014278	0.004450	0.010433	0.060022	0.005612	0.022754	0.558476	0.053669	0.019760	0.005701	0.007257
142	na	3.599883	0.021716	0.022556	0.014039	0.011156	0.017431	0.044009	0.027400	0.026190	0.027290	0.110164	0.024267	0.312039	0.084637	0.026250	0.058757	0.067998	0.028571	0.042673	0.007212	0.025645
143	na	3.003373	0.012358	0.013961	0.004661	0.005470	0.008998	0.058482	0.030462	0.071335	0.017659	0.425173	0.008549	0.012710	0.039351	0.006896	0.048757	0.167507	0.024545	0.018721	0.015835	0.008571
144	na	3.451538	0.178089	0.033017	0.014182	0.021470	0.020640	0.025885	0.011775	0.066967	0.023073	0.039231	0.073181	0.304941	0.047314	0.009219	0.010619	0.012964	0.060511	0.012028	0.011350	0.023544
145	na	3.589174	0.073158	0.021931	0.277958	0.024643	0.005500	0.118372	0.011504	0.021628	0.040252	0.063861	0.023680	0.011316	0.025959	0.020580	0.084062	0.027391	0.101421	0.020803	0.009166	0.016815
146	na	2.866212	0.318485	0.019813	0.015567	0.008652	0.008039	0.031366	0.006631	0.006815	0.019192	0.026341	0.003411	0.005879	0.008121	0.017287	0.023462	0.122141	0.310712	0.032213	0.004174	0.011701
147	na	3.084389	0.018222	0.072186	0.006029	0.013684	0.023422	0.022047	0.016929	0.098266	0.014154	0.020961	0.012036	0.029752	0.020617	0.029218	0.027882	0.015088	0.446958	0.092842	0.011907	0.007800
148	na	3.157946	0.043126	0.017804	0.024306	0.009575	0.014858	0.022377	0.032898	0.060508	0.009632	0.051033	0.011767	0.037870	0.030361	0.007257	0.031866	0.056816	0.066497	0.012344	0.007392	0.451713
149	na	3.203074	0.028656	0.018643	0.009035	0.013161	0.033160	0.046159	0.017376	0.053555	0.023501	0.019996	0.007102	0.020660	0.033790	0.450465	0.052349	0.029037	0.052455	0.057145	0.007144	0.026612
150	na	2.464232	0.027814	0.014775	0.016676	0.019646	0.006261	0.027743	0.015317	0.008868	0.040625	0.026094	0.006835	0.004578	0.054778	0.015183	0.617428	0.048566	0.010853	0.010604	0.007957	0.019401
151	na	2.545685	0.030968	0.010023	0.015483	0.030878	0.015351	0.028077	0.007086	0.009970	0.059231	0.053474	0.008384	0.008706	0.014184	0.026946	0.018609	0.023550	0.599313	0.027672	0.006270	0.005823
152	na	1.854302	0.007407	0.004936	0.005515	0.017921	0.005560	0.002720	0.033767	0.005954	0.034240	0.027063	0.004163	0.003989	0.026203	0.019609	0.734597	0.021768	0.011629	0.008666	0.002661	0.021633
153	na	2.817646	0.510894	0.010362	0.007781	0.012882	0.045845	0.037307	0.004188	0.020021	0.010023	0.036740	0.002713	0.008211	0.027735	0.016404	0.037651	0.103549	0.063832	0.022630	0.005558	0.015675
154	na	2.434543	0.009053	0.020616	0.003537	0.009057	0.004203	0.011990	0.002703	0.240012	0.023220	0.487768	0.004944	0.008493	0.012130	0.003792	0.018374	0.016308	0.010471	0.098692	0.007102	0.007534
155	na	2.413156	0.039399	0.008897	0.017727	0.008100	0.008928	0.066651	0.004747	0.038929	0.006199	0.025139	0.006340	0.010652	0.016623	0.007888	0.027976	0.053217	0.023463	0.615907	0.003448	0.009768
156	na	1.958817	0.030479	0.013275	0.001985	0.006327	0.003956	0.015790	0.021097	0.015756	0.010875	0.012030	0.001647	0.004568	0.012595	0.052578	0.711862	0.034174	0.010921	0.025966	0.002329	0.011791
157	na	2.789510	0.062535	0.014379	0.020715	0.005635	0.004461	0.009712	0.006406	0.088789	0.011403	0.007866	0.002191	0.003945	0.012644	0.013577	0.034913	0.417186	0.213661	0.059217	0.004887	0.005880
158	na	3.060180	0.041877	0.017788	0.007391	0.010732	0.018377	0.434265	0.040062	0.010255	0.008096	0.135317	0.019026	0.042145	0.027082	0.020243	0.020547	0.091116	0.025806	0.009452	0.003260	0.017163
159	na	2.951917	0.027785	0.020688	0.009964	0.004912	0.010643	0.016256	0.017959	0.037187	0.015943	0.467438	0.146355	0.007485	0.020595	0.020108	0.051487	0.049377	0.023978	0.034119	0.003678	0.014044
160	na	3.318603	0.013642	0.027206	0.401332	0.072217	0.008799	0.034551	0.006217	0.048917	0.007297	0.030973	0.003642	0.041214	0.030211	0.016218	0.038247	0.023688	0.036733	0.091137	0.036326	0.031432
161	na	2.827570	0.158670	0.006141	0.005173	0.003504	0.007349	0.090307	0.003512	0.008436	0.014769	0.030032	0.002526	0.003456	0.309664	0.009481	0.031095	0.264163	0.018082	0.027395	0.003159	0.003087
162	na	2.099945	0.003703	0.004606	0.008110	0.015972	0.030933	0.045581	0.014493	0.021584	0.019240	0.028872	0.003170	0.012450	0.036208	0.009663	0.691972	0.008241	0.012528	0.013226	0.011192	0.008255
163	na	3.281829	0.032192	0.038922	0.006141	0.008815	0.006247	0.027910	0.005138	0.291557	0.014384	0.048245	0.079828	0.005962	0.006252	0.015716	0.023315	0.046248	0.146655	0.176134	0.008515	0.011826
164	na	2.958681	0.410677	0.107927	0.004834	0.001774	0.002131	0.006577	0.005163	0.055623	0.012129	0.034748	0.024784	0.006957	0.033914	0.027086	0.017927	0.066995	0.021655	0.150967	0.001779	0.006353
165	na	2.674259	0.195949	0.022776	0.002801	0.009312	0.013627	0.030171	0.006710	0.020795	0.002479	0.030907	0.006587	0.086535	0.033020	0.005103	0.007655	0.473425	0.025127	0.018535	0.002193	0.006292
166	na	2.899015	0.023759	0.005047	0.014861	0.084516	0.003352	0.010328	0.030341	0.028573	0.013312	0.473743	0.030606	0.006551	0.019876	0.080197	0.015698	0.108397	0.013971	0.025801	0.004093	0.006979
167	na	3.395110	0.025388	0.022239	0.014611	0.009181	0.023232	0.035802	0.008458	0.037574	0.012546	0.307065	0.190448	0.035375	0.010596	0.018554	0.072445	0.082448	0.029202	0.043646	0.003304	0.017886
168	na	3.295529	0.092442	0.021033	0.014235	0.013639	0.009323	0.026434	0.015742	0.018013	0.024215	0.021797	0.019114	0.011123	0.036522	0.258785	0.033614	0.275080	0.070242	0.020993	0.003386	0.014267
169	na	2.884949	0.088185	0.012656	0.010376	0.008069	0.010558	0.510130	0.013133	0.052540	0.032550	0.041495	0.004612	0.008993	0.020789	0.014427	0.038149	0.034163	0.030184	0.047010	0.011453	0.010529
170	na	2.319146	0.027307	0.012130	0.032446	0.008114	0.018121	0.021976	0.006250	0.011978	0.007503	0.040759	0.006380	0.005847	0.018428	0.016930	0.044068	0.647354	0.042772	0.019747	0.007409	0.004480
171	na	2.905486	0.010186	0.029224	0.011335	0.027561	0.004366	0.029589	0.014181	0.021736	0.015726	0.073407	0.032971	0.017383	0.016711	0.020143	0.044651	0.037020	0.508601	0.073326	0.003064	0.008819
172	na	2.510778	0.143067	0.025415	0.003484	0.006860	0.004080	0.014609	0.009218	0.058982	0.015372	0.552936	0.003244	0.006396	0.025472	0.010046	0.028385	0.042381	0.011778	0.029028	0.001930	0.007317
173	na	3.186989	0.127935	0.006953	0.019840	0.020567	0.003872	0.009997	0.008782	0.017349	0.089236	0.039154	0.004799	0.016036	0.388258	0.072520	0.031518	0.059639	0.034037	0.027683	0.002306	0.019518
174	na	1.832055	0.005218	0.005191	0.004173	0.015066	0.004851	0.011852	0.007593	0.011784	0.003937	0.021880	0.004716	0.032072	0.011640	0.008113	0.727824	0.018696	0.077488	0.017431	0.004742	0.005733
175	na	1.926660	0.018046	0.007889	0.018902	0.018218	0.010028	0.007307	0.008611	0.005287	0.028413	0.027057	0.007735	0.008121	0.017799	0.005209	0.725212	0.049180	0.010541	0.014551	0.007055	0.004840
176	na	2.292196	0.116997	0.005752	0.005307	0.010276	0.010034	0.022690	0.013116	0.033809	0.007330	0.015894	0.002704	0.005435	0.007055	0.012717	0.042765	0.620999	0.020237	0.030160	0.004372	0.012349
177	na	2.335897	0.010459	0.018623	0.013822	0.028069	0.006253	0.635539	0.008428	0.033015	0.007476	0.055171	0.005118	0.005316	0.011558	0.012133	0.025546	0.064412	0.019687	0.025631	0.003946	0.009795
178	na	3.328738	0.364550	0.008392	0.036484	0.009437	0.002658	0.025008	0.019932	0.031102	0.010284	0.053944	0.022733	0.048388	0.034994	0.016953	0.078487	0.108886	0.037090	0.081477	0.003560	0.005642
179	na	2.717896	0.552435	0.036561	0.005201	0.041547	0.033905	0.037868	0.014943	0.014060	0.052746	0.027391	0.012445	0.005036	0.012971	0.015631	0.012867	0.075769	0.019130	0.018783	0.004725	0.005985
180	na	2.275844	0.033769	0.008670	0.023698	0.007989	0.029098	0.666557	0.007972	0.020410	0.014554	0.021166	0.009057	0.009178	0.007671	0.021411	0.014354	0.019617	0.040282	0.014825	0.015624	0.014098
181	na	3.391333	0.287056	0.007032	0.002755	0.027962	0.165653	0.078035	0.025317	0.008452	0.022509	0.028492	0.018031	0.012687	0.006866	0.122454	0.051509	0.056583	0.020994	0.017064	0.002455	0.038093
182	na	2.507738	0.586467	0.006769	0.008923	0.007584	0.007975	0.024852	0.021157	0.006550	0.007825	0.028276	0.014373	0.103787	0.009355	0.012531	0.016397	0.040939	0.015059	0.054893	0.015965	0.010323
183	na	2.823390	0.050274	0.015400	0.005394	0.021767	0.014854	0.014759	0.024823	0.119990	0.008965	0.031292	0.004016	0.005112	0.018546	0.010766	0.022863	0.051668	0.058770	0.500688	0.002089	0.017965
184	na	3.243953	0.037117	0.018878	0.005838	0.014031	0.016183	0.128789	0.018805	0.026470	0.398382	0.033092	0.014868	0.010126	0.062168	0.009931	0.033378	0.039376	0.049545	0.063001	0.004510	0.015510
185	na	2.687142	0.064624	0.010435	0.006999	0.058609	0.006181	0.547666	0.010405	0.014598	0.004090	0.051506	0.002245	0.008641	0.030787	0.026534	0.064767	0.021396	0.027326	0.023835	0.003950	0.015407
186	na	3.239738	0.016064	0.013391	0.008575	0.015156	0.009889	0.009677	0.045762	0.157205	0.017413	0.066556	0.002920	0.016619	0.017276	0.190842	0.044378	0.021519	0.039709	0.293570	0.001977	0.011503
187	na	3.015465	0.084353	0.018324	0.021143	0.012425	0.009307	0.460348	0.007590	0.016372	0.026137	0.048402	0.002459	0.002962	0.022787	0.005345	0.071526	0.069845	0.025714	0.044574	0.007577	0.042811
188	na	2.841343	0.016056	0.018437	0.022862	0.012670	0.009732	0.062457	0.020768	0.015450	0.015760	0.045006	0.005066	0.007759	0.018704	0.033289	0.018726	0.174751	0.472977	0.012326	0.004545	0.012659
189	na	3.393696	0.015604	0.059193	0.004666	0.013180	0.004102	0.058000	0.009303	0.020481	0.014040	0.310070	0.068318	0.009335	0.025047	0.076218	0.026367	0.060056	0.052829	0.156683	0.011200	0.005309
190	na	3.243301	0.187738	0.065895	0.004264	0.003845	0.004011	0.188354	0.005304	0.023040	0.005270	0.026167	0.018860	0.009073	0.007465	0.014979	0.030595	0.072960	0.078650	0.235191	0.002618	0.015723
191	na	3.708354	0.024868	0.015252	0.016407	0.010614	0.023538	0.052692	0.033251	0.066163	0.016570	0.216873	0.184338	0.025765	0.027190	0.013108	0.083396	0.048343	0.056106	0.053506	0.010970	0.021049
192	na	3.261417	0.024666	0.011083	0.021844	0.397253	0.023287	0.051641	0.009909	0.052634	0.024181	0.040031	0.020794	0.017932	0.026914	0.013047	0.029395	0.017110	0.037081	0.024892	0.005866	0.150441
193	na	2.742453	0.049257	0.021087	0.003762	0.025081	0.008461	0.039392	0.002427	0.011159	0.021766	0.265192	0.024759	0.006981	0.006024	0.022237	0.005898	0.420102	0.020735	0.033950	0.009040	0.002690
194	na	3.228514	0.039812	0.007349	0.040154	0.051110	0.012138	0.011690	0.004257	0.389122	0.023356	0.062793	0.011763	0.008040	0.022770	0.017299	0.138911	0.042611	0.023530	0.069623	0.010744	0.012928
195	na	1.948343	0.021126	0.023203	0.010360	0.014574	0.013646	0.010417	0.008457	0.007244	0.011306	0.024268	0.005041	0.004710	0.017803	0.014451	0.726542	0.040122	0.010765	0.020527	0.007185	0.008252
196	na	3.836272	0.067501	0.013954	0.011456	0.025860	0.027864	0.031142	0.013503	0.086387	0.017519	0.090157	0.180506	0.014092	0.022516	0.072728	0.061798	0.042554	0.096018	0.103569	0.009730	0.011145
197	na	3.126251	0.258670	0.031646	0.029127	0.011205	0.020364	0.015921	0.007201	0.281012	0.005727	0.032333	0.014106	0.010208	0.013055	0.007699	0.006877	0.098825	0.114796	0.029392	0.004742	0.007092
198	na	3.491274	0.017475	0.017767	0.009539	0.012239	0.030764	0.041113	0.017628	0.024846	0.353764	0.068280	0.029999	0.039581	0.009687	0.047666	0.057522	0.073969	0.068276	0.056189	0.006161	0.017535
199	na	1.999558	0.018024	0.011809	0.006640	0.022569	0.006447	0.007671	0.015876	0.013744	0.024564	0.009998	0.009977	0.010710	0.024760	0.005903	0.717923	0.028277	0.019513	0.031245	0.005349	0.009003
200	na	2.599900	0.023275	0.007599	0.011725	0.017980	0.038410	0.576795	0.006642	0.022414	0.008175	0.021730	0.011964	0.012720	0.013293	0.017266	0.015128	0.041761	0.094342	0.009190	0.008553	0.041040
201	na	3.108392	0.039373	0.074501	0.011682	0.006263	0.014138	0.022165	0.006013	0.350416	0.021034	0.051631	0.016450	0.014720	0.007066	0.016324	0.017732	0.045713	0.040441	0.232600	0.003782	0.007957
202	na	3.655485	0.093350	0.014373	0.008852	0.007630	0.043554	0.017496	0.177188	0.026607	0.037120	0.068814	0.018054	0.222097	0.018071	0.024194	0.035978	0.070790	0.040508	0.056920	0.008715	0.009687
203	na	3.109665	0.085156	0.035440	0.467398	0.042193	0.006290	0.019560	0.010773	0.024231	0.024809	0.053596	0.008053	0.031664	0.037415	0.026511	0.017726	0.028857	0.008503	0.038530	0.011624	0.021672
