#SITE	WT_AA	SITE_ENTROPY	PI_A	PI_C	PI_D	PI_E	PI_F	PI_G	PI_H	PI_I	PI_K	PI_L	PI_M	PI_N	PI_P	PI_Q	PI_R	PI_S	PI_T	PI_V	PI_W	PI_Y
1	na	4.065191	0.047253	0.026811	0.034972	0.034407	0.031503	0.038802	0.065917	0.027858	0.039759	0.063276	0.189347	0.031608	0.051724	0.027386	0.084947	0.052534	0.060495	0.035022	0.020522	0.035859
2	na	1.210943	0.822256	0.004202	0.003412	0.006603	0.004254	0.007224	0.004124	0.004245	0.003798	0.004521	0.009748	0.003257	0.002108	0.004149	0.012079	0.005219	0.002884	0.088692	0.003646	0.003578
3	na	3.328939	0.102176	0.001406	0.004743	0.001743	0.013577	0.004989	0.044732	0.052929	0.006451	0.206118	0.024381	0.066195	0.003357	0.021756	0.037465	0.251895	0.031164	0.017885	0.008227	0.098810
4	na	3.361843	0.037149	0.026444	0.003067	0.014460	0.101288	0.010296	0.005303	0.046497	0.008254	0.227605	0.007805	0.096979	0.000482	0.033135	0.001380	0.207270	0.029005	0.049837	0.004093	0.089654
5	na	2.832342	0.162934	0.037842	0.007159	0.002874	0.002211	0.333568	0.003208	0.002756	0.003383	0.056626	0.003543	0.012685	0.006297	0.001520	0.210161	0.071523	0.065751	0.002920	0.006834	0.006205
6	na	0.852766	0.007434	0.004610	0.003440	0.003964	0.003045	0.004650	0.013129	0.005358	0.002820	0.004361	0.003993	0.004723	0.007626	0.003927	0.005450	0.005242	0.903858	0.004263	0.005898	0.002210
7	na	1.604661	0.004944	0.014262	0.012148	0.009078	0.008362	0.013115	0.004668	0.012232	0.783148	0.006012	0.003820	0.046034	0.002707	0.015531	0.008531	0.007458	0.011304	0.014169	0.007164	0.015315
8	na	1.415418	0.003410	0.007226	0.002810	0.002716	0.002518	0.016479	0.001696	0.002152	0.001474	0.061335	0.002752	0.002277	0.034340	0.044590	0.788439	0.006100	0.008147	0.004484	0.004673	0.002383
9	na	2.333063	0.084530	0.005619	0.002465	0.007578	0.015004	0.010124	0.003312	0.027524	0.004628	0.081600	0.014530	0.032817	0.003911	0.028570	0.007877	0.610661	0.023209	0.009629	0.001767	0.024647
10	na	3.473286	0.248619	0.009410	0.028571	0.004167	0.042627	0.019259	0.039118	0.052437	0.025503	0.174550	0.016469	0.025828	0.033309	0.008718	0.003749	0.030814	0.046378	0.035976	0.001293	0.153206
11	na	3.425050	0.024362	0.020736	0.035137	0.343244	0.009046	0.035621	0.012538	0.033166	0.031502	0.041765	0.028874	0.013359	0.021225	0.023741	0.024473	0.155333	0.017459	0.081387	0.040761	0.006272
12	na	3.725453	0.048420	0.033820	0.008878	0.003159	0.013976	0.027892	0.026225	0.040840	0.149339	0.141075	0.003500	0.063082	0.011760	0.072424	0.116541	0.115708	0.072718	0.037586	0.009093	0.003965
13	na	3.499464	0.052523	0.068760	0.240287	0.006386	0.006054	0.070484	0.020456	0.076930	0.021945	0.026485	0.218661	0.051490	0.016000	0.006265	0.025662	0.014396	0.031551	0.019961	0.011952	0.013753
14	na	2.925643	0.026154	0.028147	0.037428	0.404529	0.006527	0.011850	0.008787	0.008059	0.250122	0.024551	0.008806	0.006297	0.007902	0.032065	0.028299	0.025259	0.016278	0.033637	0.018516	0.016787
15	na	2.588549	0.002616	0.010277	0.002017	0.042188	0.033638	0.007064	0.019452	0.086640	0.003064	0.396079	0.002126	0.013596	0.005399	0.007230	0.004850	0.048963	0.296105	0.008904	0.004513	0.005280
16	na	3.159779	0.025339	0.007516	0.254400	0.074808	0.012179	0.183644	0.006174	0.020176	0.004092	0.007368	0.009763	0.015259	0.004802	0.018859	0.231117	0.052663	0.023113	0.021113	0.005353	0.022263
17	na	2.909043	0.018690	0.014356	0.005337	0.003182	0.002221	0.403338	0.005762	0.063427	0.023348	0.009140	0.057624	0.010560	0.192657	0.082966	0.008814	0.046458	0.036227	0.010800	0.003441	0.001651
18	na	3.382333	0.023619	0.015547	0.068882	0.105320	0.012792	0.030403	0.004980	0.026004	0.009445	0.206938	0.001795	0.024373	0.076335	0.016227	0.009451	0.026294	0.026662	0.266545	0.005030	0.043360
19	na	1.686335	0.019256	0.016573	0.004678	0.005507	0.033133	0.005172	0.018812	0.007545	0.003536	0.004679	0.004271	0.012081	0.013129	0.005497	0.768739	0.018245	0.025283	0.021559	0.003284	0.009019
20	na	2.454648	0.006809	0.003173	0.001803	0.004116	0.005630	0.007561	0.005866	0.009159	0.003881	0.011291	0.003256	0.004446	0.200651	0.256964	0.059220	0.382404	0.012385	0.013628	0.001663	0.006091
21	na	3.691516	0.029236	0.051467	0.008778	0.151950	0.002412	0.015968	0.009120	0.031149	0.042493	0.169749	0.025578	0.109271	0.014549	0.011545	0.073735	0.103331	0.093636	0.035274	0.005992	0.014767
22	na	3.383501	0.169652	0.006990	0.037155	0.003127	0.008006	0.019842	0.024423	0.011411	0.066858	0.015162	0.001064	0.012062	0.049318	0.018176	0.096716	0.073084	0.197715	0.182464	0.001120	0.005655
23	na	3.459466	0.049060	0.015077	0.001829	0.009953	0.005217	0.054863	0.113525	0.011949	0.010764	0.135611	0.005158	0.045334	0.017795	0.040976	0.062328	0.245619	0.135713	0.023419	0.009390	0.006421
24	na	3.536310	0.023814	0.015187	0.015334	0.239052	0.004404	0.005704	0.016354	0.068776	0.038561	0.046215	0.003738	0.009013	0.008133	0.139243	0.114205	0.058195	0.081233	0.071950	0.001300	0.039590
25	na	3.223255	0.014270	0.003092	0.003421	0.002798	0.004888	0.037762	0.006695	0.201505	0.074397	0.080413	0.083261	0.003899	0.023802	0.065362	0.104139	0.013264	0.008059	0.262004	0.002608	0.004362
26	na	2.437344	0.111947	0.004025	0.004996	0.013064	0.045734	0.012647	0.021040	0.005240	0.098610	0.015910	0.003477	0.001397	0.006739	0.022103	0.562590	0.041435	0.010235	0.011456	0.001022	0.006331
27	na	3.397867	0.139300	0.005059	0.002978	0.003820	0.003347	0.021685	0.041880	0.024463	0.089158	0.106322	0.044781	0.010249	0.044358	0.092601	0.277668	0.019274	0.048834	0.014826	0.002522	0.006875
28	na	3.127894	0.146893	0.015078	0.003857	0.004462	0.035685	0.111622	0.015539	0.005059	0.037893	0.007347	0.004806	0.103426	0.003211	0.045413	0.086986	0.330135	0.033794	0.003313	0.001180	0.004302
29	na	2.800096	0.195403	0.013527	0.010328	0.015192	0.005848	0.012116	0.002469	0.175626	0.007340	0.024088	0.005665	0.004325	0.011233	0.013972	0.017292	0.032125	0.044203	0.393731	0.005471	0.010046
30	na	3.076788	0.222334	0.003113	0.008825	0.023595	0.066168	0.301964	0.003352	0.006703	0.013903	0.025458	0.008275	0.009716	0.021931	0.159459	0.020691	0.059439	0.020846	0.011339	0.010186	0.002704
31	na	3.456543	0.024777	0.007950	0.003603	0.127427	0.034989	0.227648	0.008067	0.016654	0.148743	0.021338	0.015195	0.008150	0.101259	0.019073	0.117128	0.063160	0.013374	0.030293	0.008163	0.003010
32	na	2.817363	0.010652	0.011926	0.005095	0.002814	0.008346	0.010459	0.004924	0.028202	0.013375	0.020037	0.114836	0.023167	0.027753	0.004655	0.022854	0.441712	0.019474	0.186025	0.010298	0.033395
33	na	2.866373	0.168426	0.021610	0.005957	0.007104	0.013694	0.015110	0.001830	0.158941	0.004602	0.384155	0.068715	0.016203	0.003501	0.003073	0.005014	0.007958	0.051805	0.049247	0.004416	0.008639
34	na	3.846433	0.087929	0.054026	0.051144	0.050886	0.013573	0.049691	0.035030	0.019174	0.005488	0.183699	0.061540	0.012906	0.003626	0.061892	0.050942	0.124489	0.037816	0.069128	0.005078	0.021943
35	na	2.806278	0.058385	0.021515	0.008536	0.007245	0.019131	0.316590	0.028493	0.023059	0.012787	0.018419	0.008387	0.017714	0.006668	0.003020	0.038521	0.362728	0.020225	0.016783	0.003637	0.008156
36	na	3.416953	0.015707	0.011444	0.014769	0.012426	0.039492	0.004402	0.026342	0.246432	0.007212	0.044521	0.085880	0.004049	0.009832	0.056485	0.109023	0.067659	0.041890	0.192049	0.006741	0.003644
37	na	3.076871	0.015036	0.019314	0.026869	0.140470	0.035124	0.429306	0.012035	0.013401	0.008909	0.084789	0.017456	0.029660	0.013484	0.011365	0.013833	0.064425	0.028462	0.018249	0.011402	0.006409
38	na	2.903589	0.037290	0.010321	0.010545	0.012461	0.012437	0.078545	0.011739	0.018532	0.005797	0.218106	0.004491	0.015816	0.030832	0.018203	0.409526	0.063680	0.010759	0.008908	0.016998	0.005017
39	na	3.480207	0.303222	0.022864	0.007317	0.039956	0.149787	0.030640	0.005154	0.009463	0.012152	0.037863	0.015927	0.018035	0.028781	0.006544	0.047960	0.013114	0.055515	0.037405	0.068841	0.089462
40	na	3.322202	0.123266	0.006269	0.100916	0.006519	0.011294	0.022075	0.120904	0.022202	0.007854	0.031588	0.004790	0.008131	0.018174	0.037033	0.031460	0.023372	0.063895	0.013200	0.017838	0.329221
41	na	3.751475	0.046362	0.053791	0.008027	0.061765	0.014005	0.096825	0.009518	0.109672	0.004443	0.154155	0.009159	0.073107	0.011785	0.027537	0.042641	0.123793	0.109180	0.019108	0.009258	0.015870
42	na	3.481267	0.033527	0.054527	0.015829	0.018677	0.006510	0.098031	0.043645	0.011149	0.137536	0.036913	0.006608	0.010161	0.063299	0.300927	0.066096	0.021559	0.022187	0.037643	0.004296	0.010880
43	na	3.689269	0.051674	0.028845	0.013047	0.009958	0.009252	0.013560	0.076462	0.060499	0.078026	0.241755	0.111360	0.067229	0.011711	0.024237	0.086566	0.046526	0.024784	0.031177	0.005597	0.007736
44	na	3.546595	0.048686	0.131995	0.005770	0.038911	0.010136	0.019768	0.003444	0.125312	0.076683	0.151153	0.006469	0.055264	0.008985	0.009179	0.201010	0.028106	0.027719	0.030529	0.013145	0.007737
45	na	3.170589	0.024008	0.075011	0.010798	0.009288	0.004744	0.027724	0.006547	0.017614	0.016074	0.299985	0.008675	0.010028	0.070413	0.006050	0.041251	0.056074	0.238515	0.070488	0.002696	0.004014
46	na	3.583501	0.020687	0.029171	0.019124	0.170318	0.009421	0.036346	0.003243	0.060038	0.012799	0.026817	0.009397	0.036538	0.135367	0.018375	0.217495	0.057101	0.078404	0.042362	0.009303	0.007693
47	na	2.836102	0.007720	0.016460	0.010957	0.003850	0.006421	0.025122	0.007804	0.018208	0.026727	0.473024	0.017006	0.012778	0.047169	0.005360	0.157005	0.028809	0.059097	0.014507	0.003080	0.058896
48	na	3.696921	0.213196	0.030874	0.032398	0.007301	0.005056	0.025491	0.031972	0.037608	0.170467	0.043373	0.041012	0.044639	0.020429	0.027047	0.038502	0.105651	0.074553	0.039741	0.004201	0.006488
49	na	3.255563	0.167968	0.005748	0.002475	0.001536	0.007103	0.018866	0.004483	0.021237	0.005232	0.285113	0.020599	0.011043	0.025555	0.025712	0.064215	0.019861	0.058573	0.124119	0.011290	0.119273
50	na	3.375757	0.215871	0.012890	0.016412	0.063034	0.004056	0.199935	0.018383	0.008197	0.025810	0.039610	0.002367	0.022511	0.056109	0.014372	0.028339	0.164974	0.086333	0.011520	0.002125	0.007152
51	na	3.635156	0.057259	0.010575	0.086750	0.025322	0.007639	0.101375	0.002996	0.034899	0.003441	0.104243	0.015819	0.163247	0.067229	0.006743	0.068476	0.048635	0.157388	0.031487	0.001752	0.004725
52	na	2.984646	0.079817	0.004011	0.012831	0.017519	0.020089	0.061787	0.011830	0.013874	0.021669	0.017876	0.008704	0.014583	0.003619	0.003499	0.016739	0.162243	0.397320	0.013683	0.003630	0.114675
53	na	3.505189	0.037863	0.013326	0.081555	0.252874	0.018044	0.008159	0.031308	0.033972	0.008351	0.053576	0.011825	0.005502	0.016720	0.005503	0.119328	0.031399	0.030222	0.013252	0.053499	0.173722
54	na	3.328425	0.110201	0.017702	0.004667	0.034224	0.004996	0.319579	0.072955	0.020633	0.006296	0.017529	0.010488	0.033635	0.036533	0.009683	0.032530	0.152577	0.077996	0.017950	0.006207	0.013619
55	na	2.980051	0.018045	0.044678	0.021345	0.014362	0.002552	0.010825	0.030399	0.012920	0.027269	0.188001	0.004585	0.009935	0.041451	0.045161	0.426287	0.038290	0.022789	0.033586	0.002184	0.005335
56	na	3.504401	0.030893	0.068564	0.008111	0.002296	0.010657	0.047441	0.066216	0.045238	0.008798	0.255170	0.026636	0.070683	0.070393	0.004511	0.013888	0.026384	0.155422	0.081961	0.001473	0.005267
57	na	2.746590	0.013797	0.008693	0.013935	0.003117	0.002215	0.099480	0.002242	0.141071	0.011541	0.473059	0.008559	0.002412	0.026360	0.043224	0.056832	0.021723	0.015011	0.048589	0.002490	0.005651
58	na	3.630961	0.061295	0.006528	0.005525	0.059221	0.020904	0.018683	0.094210	0.004626	0.012507	0.052743	0.003539	0.085450	0.023834	0.217902	0.134340	0.076159	0.018180	0.026840	0.005126	0.072388
59	na	3.480949	0.045838	0.014805	0.048884	0.019025	0.015129	0.102408	0.043027	0.013780	0.086129	0.042828	0.009384	0.328715	0.030115	0.007949	0.088740	0.016695	0.034545	0.036557	0.006728	0.008719
60	na	2.986655	0.028952	0.044980	0.009409	0.012849	0.002596	0.070572	0.003165	0.097785	0.006253	0.035219	0.005247	0.050481	0.009833	0.012230	0.017612	0.430896	0.118404	0.032919	0.002579	0.008019
61	na	3.170616	0.025557	0.028928	0.003227	0.005398	0.019188	0.025600	0.012688	0.051816	0.003073	0.331484	0.003920	0.026166	0.026939	0.009349	0.015943	0.146204	0.102579	0.146006	0.002464	0.013471
62	na	2.851965	0.028282	0.018447	0.001307	0.004006	0.008417	0.027364	0.007610	0.006801	0.004066	0.036230	0.002958	0.155414	0.041368	0.005861	0.011512	0.395746	0.181169	0.039926	0.001756	0.021760
63	na	3.333803	0.161378	0.047661	0.013379	0.004822	0.010151	0.014958	0.013961	0.267056	0.013767	0.072363	0.015455	0.005979	0.113079	0.009589	0.035247	0.019593	0.029444	0.141445	0.006094	0.004580
64	na	3.761350	0.032865	0.012987	0.040414	0.228338	0.024062	0.029019	0.018923	0.078610	0.013735	0.102696	0.020562	0.028694	0.089946	0.006420	0.094103	0.040027	0.063880	0.015133	0.007396	0.052188
65	na	2.799262	0.016265	0.006573	0.013684	0.024896	0.018640	0.027388	0.010820	0.007454	0.057830	0.043158	0.004400	0.034382	0.027122	0.018416	0.510168	0.125190	0.031909	0.009810	0.005947	0.005949
66	na	3.919769	0.035083	0.059606	0.037213	0.020245	0.144155	0.131521	0.015741	0.077026	0.016845	0.036702	0.149561	0.035549	0.023864	0.030066	0.038040	0.053295	0.033375	0.026496	0.017053	0.018565
67	na	3.399027	0.162571	0.023928	0.014192	0.015370	0.017884	0.043907	0.022192	0.051437	0.017134	0.040541	0.041371	0.021034	0.019994	0.017022	0.041473	0.058768	0.022863	0.349202	0.006566	0.012552
68	na	3.126125	0.047568	0.020093	0.007295	0.012706	0.022381	0.022028	0.090618	0.141174	0.014693	0.416435	0.012794	0.011093	0.032926	0.026887	0.023283	0.050474	0.017823	0.011938	0.009104	0.008688
69	na	2.458210	0.075900	0.029524	0.003507	0.007055	0.005405	0.079162	0.026182	0.020051	0.003999	0.021755	0.002244	0.021435	0.022947	0.005414	0.012110	0.582753	0.063365	0.008880	0.003597	0.004715
70	na	3.127018	0.272014	0.016031	0.063510	0.011024	0.005169	0.196701	0.007393	0.035122	0.006935	0.018898	0.002949	0.019331	0.008601	0.011000	0.009666	0.177826	0.106132	0.011224	0.002658	0.017817
71	na	3.635306	0.089973	0.007757	0.041892	0.006354	0.139546	0.042858	0.019914	0.010380	0.013088	0.061118	0.001409	0.016028	0.068585	0.003925	0.037168	0.106854	0.055067	0.078373	0.002703	0.197010
72	na	3.472948	0.066097	0.027730	0.331959	0.032324	0.019509	0.066057	0.017810	0.016277	0.008458	0.067758	0.007098	0.021313	0.012641	0.012623	0.095453	0.052745	0.069227	0.007126	0.060137	0.007658
73	na	3.738322	0.053683	0.013925	0.028475	0.033785	0.077598	0.048770	0.018598	0.159039	0.069714	0.061923	0.007335	0.021468	0.004570	0.017682	0.037003	0.054698	0.062131	0.203829	0.025331	0.000442
74	na	2.804456	0.041059	0.007152	0.007476	0.017844	0.016699	0.017542	0.010633	0.008111	0.083299	0.087775	0.009040	0.009767	0.009453	0.005910	0.495663	0.100375	0.016981	0.033051	0.013792	0.008379
75	na	2.220195	0.041376	0.018286	0.003776	0.007751	0.019856	0.016335	0.008274	0.006362	0.028593	0.012775	0.005748	0.018155	0.010033	0.006025	0.643452	0.011543	0.109199	0.016833	0.007776	0.007851
76	na	3.722324	0.077044	0.045807	0.004678	0.095042	0.005050	0.024316	0.007150	0.030491	0.042580	0.118903	0.006198	0.126805	0.009818	0.152694	0.032107	0.043497	0.024849	0.023567	0.121796	0.007609
77	na	2.944019	0.072844	0.027483	0.004413	0.007411	0.003933	0.068242	0.017073	0.088183	0.014685	0.060307	0.018419	0.007995	0.011777	0.020253	0.435165	0.116657	0.005848	0.017123	0.001003	0.001184
78	na	3.066383	0.033401	0.025507	0.021349	0.006457	0.395659	0.050578	0.052304	0.085035	0.011112	0.006582	0.007178	0.009072	0.011523	0.004047	0.043725	0.018616	0.009211	0.019943	0.010349	0.178350
79	na	2.490025	0.025534	0.034631	0.003836	0.005008	0.003328	0.006950	0.002637	0.066315	0.012189	0.584449	0.012323	0.004411	0.019445	0.017571	0.043580	0.038452	0.016265	0.080904	0.003006	0.019165
80	na	3.784580	0.043288	0.027064	0.037092	0.182773	0.011810	0.039438	0.023450	0.043379	0.029591	0.070239	0.009925	0.066034	0.004386	0.014780	0.026436	0.073640	0.162969	0.097936	0.009083	0.026686
81	na	3.728581	0.015880	0.030963	0.020815	0.203887	0.055984	0.073819	0.013983	0.105513	0.020860	0.096363	0.002989	0.042215	0.015589	0.005838	0.060283	0.086104	0.035505	0.095438	0.002944	0.015029
82	na	3.839706	0.034210	0.081023	0.001679	0.006568	0.066180	0.006878	0.072111	0.011639	0.041987	0.072550	0.039051	0.018990	0.004726	0.167358	0.093259	0.118846	0.043077	0.029219	0.047566	0.043082
83	na	3.587057	0.083343	0.013654	0.004321	0.014090	0.005652	0.082700	0.013527	0.035459	0.006681	0.021963	0.007435	0.055732	0.180296	0.200742	0.067215	0.061802	0.047470	0.080842	0.003130	0.013946
84	na	3.378644	0.148296	0.098210	0.003855	0.004888	0.002619	0.089036	0.002234	0.037001	0.001684	0.159288	0.009211	0.086882	0.026010	0.014550	0.006823	0.142566	0.142299	0.015956	0.003061	0.005531
85	na	3.554139	0.111453	0.030926	0.001620	0.010210	0.001997	0.028622	0.015205	0.024095	0.008532	0.049213	0.004927	0.079115	0.196952	0.024400	0.141196	0.088782	0.126050	0.035863	0.002631	0.018209
86	na	3.293104	0.039257	0.006574	0.001149	0.005813	0.003709	0.116779	0.108052	0.008717	0.017768	0.183227	0.003032	0.248762	0.076276	0.006488	0.051649	0.068402	0.031225	0.008670	0.004676	0.009777
87	na	2.882260	0.011926	0.008803	0.009780	0.025540	0.006452	0.023947	0.008685	0.025224	0.483687	0.021617	0.015544	0.010645	0.040255	0.010013	0.127178	0.079486	0.037629	0.037653	0.004388	0.011550
88	na	3.098935	0.005579	0.200572	0.179581	0.013958	0.013059	0.019000	0.014726	0.031764	0.003546	0.043911	0.007294	0.290785	0.026743	0.005739	0.012158	0.087911	0.021616	0.018544	0.001417	0.002100
89	na	3.407639	0.151216	0.073182	0.004269	0.005007	0.051970	0.060302	0.011953	0.007197	0.008208	0.060122	0.004432	0.008483	0.175886	0.006129	0.022419	0.234674	0.023387	0.058240	0.015504	0.017420
90	na	3.635798	0.030618	0.015953	0.008616	0.010095	0.003911	0.041057	0.053624	0.030318	0.077692	0.066486	0.039345	0.045673	0.004056	0.054273	0.087102	0.105548	0.253800	0.064116	0.004204	0.003513
91	na	2.472540	0.013136	0.008699	0.003945	0.011679	0.018820	0.027998	0.005543	0.016552	0.361204	0.016178	0.009449	0.013305	0.006569	0.008209	0.403947	0.034956	0.010602	0.017491	0.008017	0.003701
92	na	2.745921	0.058291	0.010422	0.003784	0.003686	0.031222	0.115873	0.025734	0.005706	0.008664	0.039450	0.004396	0.037857	0.022027	0.010997	0.024715	0.064509	0.510393	0.014032	0.004765	0.003478
93	na	2.401079	0.014852	0.006011	0.004041	0.015646	0.005919	0.566862	0.002742	0.006756	0.005775	0.029859	0.011072	0.011407	0.094081	0.016548	0.016023	0.143775	0.017404	0.006730	0.016030	0.008466
94	na	2.881921	0.011248	0.020174	0.052233	0.019536	0.008829	0.531929	0.023542	0.050675	0.039987	0.032630	0.005219	0.027692	0.034803	0.020120	0.022996	0.029336	0.034581	0.010488	0.006364	0.017619
95	na	3.329599	0.180685	0.022934	0.032113	0.006459	0.004940	0.033346	0.035603	0.025783	0.034358	0.022103	0.005006	0.028125	0.294621	0.012466	0.034191	0.152868	0.014824	0.045639	0.008456	0.005480
96	na	3.171687	0.031928	0.005222	0.030023	0.011906	0.018840	0.010054	0.011629	0.269820	0.008262	0.295568	0.011379	0.012911	0.015358	0.007885	0.025114	0.055620	0.041198	0.088134	0.007287	0.041859
97	na	3.700008	0.028830	0.066370	0.017123	0.028174	0.032589	0.091252	0.008858	0.032888	0.067951	0.042100	0.003813	0.007477	0.018696	0.038235	0.147095	0.051454	0.021760	0.055416	0.007730	0.232188
98	na	3.579345	0.054861	0.015061	0.002139	0.009875	0.017486	0.021866	0.055009	0.014888	0.200304	0.156601	0.008353	0.040611	0.022570	0.060471	0.175080	0.041064	0.056948	0.029206	0.007119	0.010488
99	na	3.156065	0.041059	0.014969	0.007864	0.013306	0.007949	0.083119	0.024845	0.008545	0.120514	0.067411	0.003861	0.022365	0.006650	0.028835	0.409641	0.034243	0.020715	0.054923	0.008428	0.020757
100	na	3.709005	0.220402	0.006545	0.012597	0.016066	0.018052	0.040483	0.024915	0.049908	0.021005	0.114492	0.016921	0.027654	0.111245	0.033137	0.028876	0.100729	0.023492	0.093223	0.003706	0.036552
101	na	3.597297	0.037502	0.011265	0.209428	0.044696	0.004073	0.047261	0.005916	0.012356	0.014150	0.143433	0.004066	0.078179	0.074125	0.027151	0.126282	0.027527	0.068494	0.055253	0.002543	0.006301
102	na	3.268806	0.034175	0.031865	0.004277	0.003407	0.082115	0.113212	0.013130	0.008179	0.036936	0.190871	0.016400	0.004578	0.009461	0.005638	0.297187	0.064297	0.025577	0.010674	0.007861	0.040162
103	na	3.420385	0.136064	0.009683	0.007404	0.015136	0.003821	0.048483	0.024982	0.030773	0.101144	0.097111	0.009788	0.017592	0.012234	0.016887	0.064045	0.064779	0.043361	0.289197	0.003976	0.003542
104	na	3.572134	0.020115	0.012239	0.037524	0.009160	0.200940	0.012876	0.007956	0.099847	0.012043	0.058382	0.008076	0.005424	0.014605	0.010947	0.099069	0.095555	0.023355	0.067310	0.174437	0.030141
105	na	4.009292	0.032191	0.148836	0.059712	0.020543	0.064886	0.013286	0.041271	0.048936	0.010610	0.064718	0.051553	0.052502	0.086508	0.016786	0.086596	0.028121	0.091030	0.049068	0.008539	0.024308
106	na	2.197247	0.043369	0.025738	0.010713	0.019122	0.009433	0.021698	0.018427	0.008587	0.014533	0.025733	0.004819	0.017578	0.011064	0.006676	0.679567	0.029821	0.009004	0.011767	0.008159	0.024192
107	na	3.510651	0.023950	0.022783	0.061014	0.277212	0.016630	0.016362	0.130665	0.008391	0.015037	0.119969	0.005902	0.063452	0.011326	0.010198	0.034242	0.045340	0.028263	0.084375	0.005160	0.019731
108	na	3.098189	0.019564	0.013645	0.003987	0.004197	0.012536	0.081263	0.028198	0.011325	0.009414	0.406203	0.007453	0.004139	0.118165	0.054533	0.038330	0.062996	0.057434	0.057414	0.003518	0.005686
109	na	3.193513	0.036404	0.235645	0.007881	0.002646	0.034878	0.016456	0.017446	0.079737	0.039633	0.066734	0.009216	0.004294	0.031108	0.015172	0.035138	0.035583	0.011535	0.312231	0.001537	0.006727
110	na	2.184089	0.008386	0.015162	0.004451	0.009032	0.012826	0.010618	0.015386	0.073770	0.013310	0.667343	0.003886	0.008113	0.019530	0.009394	0.022820	0.017754	0.025188	0.044929	0.006291	0.011811
111	na	3.732204	0.028405	0.007682	0.003724	0.102556	0.137374	0.015736	0.038914	0.040289	0.005465	0.049519	0.129633	0.025828	0.005069	0.020348	0.048841	0.139406	0.095936	0.038202	0.000879	0.066196
112	na	3.602449	0.056110	0.038297	0.188734	0.034885	0.007529	0.053844	0.035236	0.026618	0.010180	0.101661	0.008988	0.222430	0.060366	0.006775	0.056124	0.035785	0.027212	0.004310	0.015117	0.009800
113	na	3.174257	0.013532	0.009374	0.011108	0.017807	0.017911	0.009756	0.020036	0.013708	0.403216	0.042416	0.013216	0.020922	0.019102	0.044936	0.090719	0.146177	0.052590	0.019767	0.018321	0.015387
114	na	3.867923	0.086873	0.014877	0.095472	0.145828	0.071143	0.028733	0.017908	0.036427	0.105097	0.019284	0.009721	0.115106	0.036273	0.066501	0.027200	0.042772	0.052392	0.006250	0.002411	0.019732
115	na	3.539470	0.054166	0.014152	0.085279	0.335819	0.079157	0.033192	0.013205	0.011529	0.030427	0.035625	0.020138	0.017091	0.023997	0.032279	0.064858	0.065346	0.037247	0.016056	0.004062	0.026377
116	na	2.919622	0.009487	0.107419	0.004890	0.008325	0.011891	0.029912	0.010148	0.316749	0.016757	0.049655	0.001238	0.019274	0.016798	0.009694	0.012287	0.012186	0.045125	0.300897	0.011567	0.005701
117	na	3.262376	0.025445	0.070590	0.013437	0.010483	0.014121	0.014651	0.022620	0.019200	0.018627	0.117526	0.025676	0.006517	0.011019	0.051423	0.376871	0.073017	0.028756	0.087544	0.003798	0.008678
118	na	3.014923	0.043861	0.013462	0.006451	0.043112	0.007574	0.012474	0.006709	0.041112	0.045166	0.147987	0.006015	0.004146	0.016119	0.033428	0.441284	0.017098	0.045882	0.045053	0.014406	0.008663
119	na	3.436258	0.023490	0.064757	0.030380	0.012478	0.009448	0.034383	0.016677	0.317365	0.008548	0.061539	0.016298	0.022614	0.012496	0.032931	0.026078	0.041880	0.069868	0.171850	0.008899	0.018020
120	na	3.840657	0.052790	0.019752	0.028978	0.024137	0.058214	0.052760	0.040519	0.053718	0.019495	0.079713	0.017671	0.090922	0.032338	0.012980	0.033325	0.074888	0.022574	0.017321	0.245136	0.022770
121	na	3.105955	0.014519	0.054910	0.009371	0.002314	0.006869	0.017781	0.012134	0.021303	0.005583	0.176247	0.012647	0.036612	0.008400	0.004934	0.288519	0.225664	0.047673	0.026470	0.015763	0.012287
122	na	3.645222	0.018340	0.017035	0.001227	0.015292	0.096416	0.015445	0.083288	0.054081	0.016634	0.144719	0.007158	0.030529	0.042933	0.068910	0.073315	0.048354	0.040294	0.216932	0.003679	0.005419
123	na	3.195506	0.378774	0.088285	0.008629	0.019083	0.008988	0.045594	0.010177	0.027558	0.006102	0.029229	0.005830	0.011883	0.027781	0.011351	0.058665	0.146496	0.054080	0.046621	0.010366	0.004510
124	na	3.461102	0.025903	0.019565	0.005080	0.024931	0.029419	0.263218	0.025130	0.031421	0.013655	0.041049	0.007972	0.233387	0.058755	0.023213	0.035385	0.083758	0.016712	0.026915	0.021920	0.012610
125	na	3.813451	0.038502	0.130495	0.028449	0.010663	0.050691	0.062412	0.020914	0.021417	0.006270	0.145764	0.010220	0.108986	0.024715	0.063116	0.046930	0.142700	0.031196	0.028187	0.008093	0.020280
126	na	3.155770	0.065444	0.027528	0.008537	0.028324	0.012097	0.187753	0.005225	0.010717	0.008040	0.335625	0.008770	0.040168	0.004458	0.029540	0.027335	0.135608	0.027495	0.026480	0.005689	0.005165
127	na	3.605481	0.139699	0.006026	0.032327	0.022947	0.036926	0.035733	0.032820	0.018779	0.025268	0.228420	0.009429	0.018315	0.005262	0.030201	0.051239	0.060071	0.123908	0.107976	0.001692	0.012962
128	na	3.739268	0.087258	0.015418	0.056882	0.009299	0.005959	0.020195	0.046244	0.034117	0.008427	0.139194	0.006118	0.111542	0.105274	0.014209	0.055062	0.074717	0.098549	0.105039	0.000689	0.005810
129	na	3.477589	0.188632	0.009891	0.001833	0.017222	0.005065	0.185719	0.004360	0.028789	0.026728	0.097688	0.007003	0.011188	0.025471	0.031105	0.084905	0.112887	0.075679	0.077513	0.001475	0.006846
130	na	3.517167	0.023593	0.028940	0.004829	0.014348	0.009816	0.010729	0.049667	0.003628	0.079327	0.047338	0.016427	0.019980	0.042765	0.022408	0.106476	0.073046	0.204562	0.219727	0.015884	0.006509
131	na	3.154186	0.257691	0.014625	0.005823	0.015419	0.003572	0.029296	0.034317	0.008292	0.003273	0.017990	0.023262	0.040715	0.240794	0.056793	0.008572	0.179828	0.017066	0.029864	0.003739	0.009069
132	na	2.770731	0.056879	0.011518	0.009769	0.012665	0.007116	0.403786	0.018907	0.048863	0.009145	0.025422	0.004242	0.017455	0.022857	0.025197	0.006957	0.279176	0.013986	0.011531	0.004434	0.010095
133	na	2.635929	0.048377	0.009158	0.082943	0.011135	0.011918	0.010859	0.006231	0.070500	0.005677	0.551182	0.016007	0.003384	0.017751	0.013129	0.034236	0.018240	0.017265	0.058918	0.002714	0.010377
134	na	2.827750	0.047339	0.029203	0.026129	0.021047	0.003624	0.016356	0.007680	0.011099	0.003013	0.019744	0.012050	0.029051	0.010702	0.009573	0.018244	0.207518	0.433625	0.085968	0.003379	0.004654
135	na	3.438159	0.058405	0.035485	0.009547	0.015375	0.070565	0.023016	0.375393	0.019014	0.010781	0.029098	0.077939	0.026024	0.037429	0.066881	0.027154	0.037594	0.036831	0.019688	0.007196	0.016584
136	na	3.130136	0.015499	0.066325	0.007700	0.006897	0.022658	0.018510	0.009943	0.261820	0.004504	0.227163	0.066796	0.008222	0.009590	0.011720	0.018283	0.031944	0.013689	0.185602	0.003508	0.009627
137	na	3.808269	0.013524	0.019176	0.029969	0.038337	0.067919	0.016037	0.029359	0.075747	0.062409	0.116544	0.229154	0.008776	0.038204	0.037965	0.048999	0.017690	0.027895	0.072165	0.005361	0.044770
138	na	2.965663	0.083257	0.015697	0.022037	0.003913	0.013450	0.022759	0.007317	0.391144	0.023606	0.235282	0.028746	0.008338	0.025915	0.009634	0.009583	0.029602	0.027979	0.020697	0.017205	0.003840
139	na	3.684077	0.022849	0.018687	0.021807	0.012149	0.126734	0.093829	0.026548	0.046390	0.017070	0.176820	0.016707	0.021993	0.033278	0.009421	0.042367	0.020270	0.015065	0.011728	0.180594	0.085695
140	na	3.532870	0.031375	0.018735	0.017147	0.090354	0.012380	0.031110	0.281900	0.058343	0.008744	0.024324	0.005763	0.013392	0.020942	0.072836	0.012558	0.147611	0.079090	0.036860	0.010596	0.025939
141	na	2.338950	0.017789	0.017207	0.010323	0.020080	0.014019	0.037762	0.007941	0.019838	0.009198	0.021444	0.004847	0.009741	0.028017	0.007662	0.021066	0.646954	0.027284	0.056203	0.004637	0.017987
142	na	3.294919	0.042102	0.011717	0.012557	0.025171	0.055975	0.058272	0.032823	0.012593	0.034932	0.035448	0.013612	0.341219	0.009382	0.012632	0.020151	0.208745	0.018352	0.019749	0.019647	0.014919
143	na	2.561913	0.025117	0.065305	0.005617	0.005886	0.007899	0.016106	0.026091	0.149152	0.007459	0.540318	0.011494	0.006189	0.043877	0.005947	0.007923	0.014864	0.012501	0.032937	0.006192	0.009126
144	na	3.354877	0.076262	0.031120	0.015344	0.011393	0.009400	0.140053	0.006480	0.016285	0.021025	0.020314	0.014071	0.339394	0.024687	0.041100	0.008903	0.061197	0.046562	0.094418	0.012664	0.009330
145	na	3.313074	0.057050	0.029548	0.404314	0.045248	0.012838	0.037556	0.091040	0.041213	0.022981	0.022193	0.008763	0.015011	0.034302	0.009716	0.016746	0.060778	0.052655	0.017888	0.007250	0.012910
146	na	2.599462	0.035089	0.005715	0.017528	0.001838	0.002905	0.014331	0.009007	0.006316	0.005288	0.023401	0.003622	0.122280	0.012179	0.009156	0.006776	0.482038	0.160828	0.066103	0.002300	0.013301
147	na	2.721981	0.012229	0.035318	0.014674	0.016313	0.012155	0.018620	0.032465	0.046846	0.011426	0.038762	0.005847	0.017801	0.016121	0.030055	0.028301	0.029729	0.569219	0.042952	0.003547	0.017621
148	na	3.159210	0.012801	0.009991	0.017424	0.007308	0.024505	0.018263	0.015069	0.075612	0.011021	0.031443	0.011092	0.013763	0.094559	0.020305	0.019092	0.068058	0.062031	0.056380	0.006507	0.424778
149	na	2.945616	0.018481	0.023857	0.007420	0.010155	0.007281	0.012599	0.009452	0.019053	0.021834	0.033367	0.007572	0.004289	0.016521	0.342794	0.291782	0.084328	0.038066	0.025764	0.019770	0.005614
150	na	2.221503	0.009905	0.007528	0.009390	0.019060	0.006258	0.013607	0.007823	0.009188	0.012554	0.123773	0.005400	0.005803	0.040271	0.010642	0.629211	0.053538	0.006981	0.007866	0.010688	0.010515
151	na	2.612471	0.018495	0.003793	0.013472	0.011598	0.005755	0.022329	0.017369	0.006645	0.020978	0.068713	0.006298	0.005779	0.019529	0.005023	0.050352	0.186806	0.501871	0.023585	0.004326	0.007283
152	na	2.028409	0.020377	0.003465	0.005326	0.008011	0.020486	0.041068	0.007230	0.007937	0.032742	0.010769	0.003592	0.012057	0.017309	0.041042	0.698395	0.042506	0.004497	0.012149	0.006063	0.004978
153	na	2.540399	0.593012	0.016411	0.012368	0.009101	0.005752	0.028565	0.010153	0.012234	0.006288	0.040278	0.004136	0.009534	0.027142	0.025746	0.040523	0.034985	0.065045	0.044209	0.006950	0.007567
154	na	2.308778	0.010489	0.024687	0.007062	0.011066	0.004051	0.005640	0.003135	0.249784	0.006136	0.522353	0.007783	0.005338	0.008305	0.004047	0.036862	0.022026	0.015454	0.046815	0.004682	0.004285
155	na	2.974379	0.014729	0.015168	0.012791	0.003004	0.011747	0.028213	0.008476	0.048211	0.017880	0.041857	0.002013	0.011662	0.006430	0.024259	0.048632	0.252478	0.090775	0.351730	0.002621	0.007326
156	na	2.137085	0.014542	0.006478	0.007637	0.024330	0.003643	0.018226	0.003860	0.012627	0.013914	0.009996	0.005178	0.007882	0.021403	0.003173	0.663245	0.088042	0.037409	0.043506	0.005206	0.009703
157	na	3.126180	0.097378	0.054740	0.006733	0.000872	0.001738	0.014264	0.005668	0.201743	0.005736	0.025055	0.006406	0.017089	0.004710	0.016362	0.014862	0.217275	0.187747	0.113143	0.005226	0.003254
158	na	2.973229	0.069456	0.022474	0.006201	0.008646	0.003095	0.426824	0.018208	0.028042	0.003032	0.070165	0.036173	0.047832	0.009658	0.012567	0.010059	0.154324	0.048989	0.013760	0.001795	0.008700
159	na	2.846332	0.031987	0.018990	0.031835	0.011239	0.005003	0.022683	0.006375	0.096153	0.008253	0.471045	0.135386	0.016917	0.009280	0.012425	0.010939	0.021621	0.008986	0.066553	0.007804	0.006527
160	na	3.382331	0.018518	0.043291	0.400106	0.089512	0.025447	0.040007	0.020907	0.018051	0.012894	0.030651	0.037312	0.038920	0.029365	0.040785	0.032839	0.022612	0.053461	0.032391	0.005407	0.007525
161	na	2.733346	0.407568	0.009605	0.006298	0.003165	0.001621	0.096607	0.002239	0.008041	0.013223	0.013231	0.003240	0.006496	0.162934	0.015325	0.055074	0.153670	0.022103	0.016183	0.001684	0.001693
162	na	2.105243	0.057943	0.005135	0.006657	0.019320	0.009205	0.023460	0.003234	0.018853	0.025104	0.022182	0.005170	0.005556	0.026132	0.007386	0.685627	0.036002	0.007402	0.014101	0.004387	0.017144
163	na	3.420459	0.016921	0.076406	0.006731	0.009428	0.036303	0.017577	0.010738	0.128412	0.004797	0.145029	0.061226	0.003709	0.001496	0.019125	0.005204	0.049319	0.159307	0.210892	0.027348	0.010030
164	na	2.969741	0.384270	0.095985	0.006173	0.001782	0.002559	0.019388	0.006908	0.047619	0.018449	0.014430	0.003246	0.055383	0.019487	0.006368	0.015998	0.168968	0.016665	0.105056	0.004447	0.006817
165	na	2.769965	0.150427	0.034770	0.011866	0.002249	0.006234	0.065917	0.004513	0.014090	0.000820	0.023615	0.006418	0.025832	0.066545	0.008992	0.005990	0.445367	0.111026	0.007695	0.001111	0.006522
166	na	2.518981	0.029551	0.005570	0.021951	0.023129	0.008360	0.008274	0.008503	0.011110	0.005075	0.526709	0.033060	0.010046	0.006762	0.171782	0.004649	0.077040	0.034262	0.008054	0.003816	0.002298
167	na	3.662864	0.030255	0.033615	0.012136	0.010959	0.011317	0.134462	0.029541	0.048129	0.005542	0.209156	0.146996	0.021142	0.028242	0.028564	0.028831	0.113844	0.050882	0.019422	0.023741	0.013227
168	na	3.418861	0.222315	0.015447	0.007831	0.006619	0.022796	0.012874	0.007323	0.038765	0.011631	0.041775	0.011609	0.023325	0.093126	0.206559	0.073353	0.131164	0.016366	0.045162	0.003018	0.008942
169	na	3.000537	0.083759	0.012500	0.004727	0.099819	0.013496	0.463850	0.050916	0.018777	0.043449	0.036766	0.003824	0.029882	0.018826	0.007449	0.016469	0.032465	0.023959	0.027563	0.004082	0.007423
170	na	1.935987	0.034370	0.007061	0.006076	0.009875	0.024418	0.031427	0.017929	0.012834	0.011182	0.020430	0.002276	0.009400	0.012696	0.008874	0.033438	0.724342	0.009520	0.014625	0.006338	0.002890
171	na	2.795144	0.012332	0.099175	0.082308	0.019321	0.013476	0.051404	0.007667	0.024078	0.005074	0.034267	0.030058	0.021500	0.010125	0.013538	0.014409	0.011721	0.514563	0.024900	0.002982	0.007099
172	na	2.700008	0.055459	0.026154	0.003852	0.011465	0.018702	0.006303	0.005042	0.162620	0.004154	0.485220	0.003348	0.013977	0.013744	0.087263	0.016504	0.031275	0.021660	0.027734	0.001609	0.003916
173	na	3.085641	0.064385	0.018293	0.004821	0.014783	0.012064	0.038961	0.048614	0.006642	0.008788	0.036618	0.002733	0.015386	0.426941	0.055564	0.038268	0.124197	0.043332	0.030909	0.002518	0.006182
174	na	1.650604	0.006794	0.004364	0.017838	0.012317	0.005196	0.034936	0.005513	0.008769	0.015467	0.014306	0.009279	0.018298	0.017598	0.008645	0.779072	0.011415	0.008868	0.009611	0.007670	0.004043
175	na	2.422196	0.014519	0.005104	0.008306	0.012557	0.010238	0.015491	0.007007	0.011078	0.131554	0.027335	0.003633	0.021499	0.024241	0.006543	0.590633	0.051231	0.018346	0.020631	0.007721	0.012334
176	na	2.350006	0.269282	0.010285	0.003987	0.004939	0.009739	0.128148	0.009959	0.012123	0.004940	0.014315	0.001816	0.003315	0.010358	0.003635	0.006689	0.457200	0.032380	0.009965	0.002568	0.004360
177	na	2.207505	0.017733	0.005947	0.004099	0.027605	0.051164	0.649371	0.014628	0.015439	0.006707	0.028573	0.006833	0.007567	0.005127	0.005323	0.036947	0.009828	0.015586	0.082481	0.004533	0.004511
178	na	3.364609	0.361317	0.012582	0.016895	0.008905	0.005657	0.039027	0.013281	0.017934	0.027187	0.053910	0.003640	0.066447	0.090905	0.022354	0.055186	0.029966	0.080414	0.020207	0.003617	0.070568
179	na	2.448041	0.592958	0.013260	0.008014	0.019264	0.003768	0.050971	0.006731	0.007580	0.011886	0.079050	0.007252	0.016372	0.015606	0.008284	0.024295	0.069255	0.009825	0.047352	0.004347	0.003929
180	na	2.208349	0.043168	0.006057	0.020266	0.022730	0.036164	0.674006	0.006345	0.013876	0.015299	0.024405	0.007569	0.006207	0.015469	0.015932	0.035171	0.019177	0.009720	0.015418	0.005077	0.007943
181	na	3.470466	0.250665	0.039692	0.015706	0.007155	0.013846	0.094005	0.043569	0.003920	0.019573	0.141797	0.067798	0.009285	0.004361	0.034313	0.049753	0.146615	0.024226	0.015573	0.009871	0.008276
182	na	3.092257	0.434820	0.015685	0.007573	0.003431	0.025142	0.081827	0.053092	0.013796	0.003878	0.034754	0.002386	0.021228	0.023303	0.018162	0.017232	0.096875	0.061408	0.038984	0.005023	0.041399
183	na	2.875171	0.056275	0.017524	0.019805	0.004584	0.005018	0.025100	0.004007	0.163781	0.012178	0.039521	0.008852	0.008303	0.018612	0.009812	0.028882	0.038873	0.064260	0.457089	0.001074	0.016451
184	na	3.145142	0.065915	0.017945	0.004974	0.008918	0.018560	0.024032	0.047711	0.016400	0.431869	0.071259	0.006636	0.015411	0.058384	0.022067	0.100270	0.027953	0.011075	0.019267	0.020132	0.011221
185	na	2.541890	0.054898	0.014554	0.019939	0.052695	0.013040	0.597677	0.037203	0.006550	0.004331	0.022682	0.008852	0.019305	0.012544	0.017304	0.036005	0.038909	0.011979	0.011915	0.002122	0.017495
186	na	3.375987	0.018251	0.028449	0.003970	0.007519	0.104315	0.005247	0.100347	0.075280	0.010602	0.189628	0.004497	0.025484	0.039015	0.043448	0.013631	0.015419	0.030229	0.260093	0.000975	0.023603
187	na	2.898848	0.106284	0.022961	0.013963	0.007385	0.009157	0.446808	0.004784	0.071239	0.005468	0.026350	0.009430	0.004804	0.072115	0.009685	0.007384	0.110897	0.020195	0.040937	0.004835	0.005319
188	na	2.837135	0.181846	0.004020	0.008688	0.029837	0.004591	0.026776	0.011946	0.009573	0.015021	0.022875	0.002107	0.017074	0.019926	0.019122	0.019572	0.190654	0.388903	0.016326	0.002686	0.008456
189	na	3.132391	0.033124	0.045761	0.006110	0.010692	0.010305	0.036658	0.044254	0.069259	0.008792	0.448497	0.048425	0.004535	0.019725	0.025000	0.010567	0.036594	0.037179	0.078064	0.010089	0.016373
190	na	3.340230	0.178498	0.016169	0.016831	0.006421	0.006183	0.144849	0.014603	0.050383	0.003427	0.022778	0.022878	0.020699	0.023513	0.012162	0.013619	0.072893	0.136298	0.229682	0.001728	0.006386
191	na	2.603160	0.016005	0.011301	0.015419	0.008046	0.011679	0.022791	0.017545	0.025967	0.015254	0.580658	0.091723	0.008190	0.012677	0.038240	0.023886	0.040923	0.007572	0.029361	0.012025	0.010736
192	na	3.512354	0.028012	0.022466	0.030084	0.323073	0.022635	0.063475	0.008621	0.033376	0.033136	0.020536	0.011033	0.083668	0.030932	0.012849	0.121609	0.066018	0.046169	0.026024	0.005481	0.010805
193	na	3.393361	0.033630	0.008104	0.006645	0.017816	0.012073	0.070213	0.005547	0.024716	0.006559	0.278456	0.040989	0.087746	0.043711	0.148749	0.009087	0.049179	0.127816	0.019962	0.003111	0.005891
194	na	3.065223	0.014793	0.013752	0.066686	0.006238	0.011134	0.001161	0.005904	0.174288	0.012431	0.153627	0.012924	0.005449	0.011691	0.043371	0.013734	0.023091	0.083690	0.333464	0.006973	0.005599
195	na	2.237406	0.006100	0.011516	0.006398	0.031989	0.007646	0.004708	0.008266	0.016039	0.030996	0.021954	0.003531	0.009279	0.052039	0.006595	0.655569	0.028990	0.058487	0.017468	0.007497	0.014935
196	na	3.651901	0.088863	0.022737	0.022246	0.006412	0.012801	0.072455	0.014570	0.053597	0.011865	0.060786	0.162816	0.024900	0.030093	0.031997	0.022546	0.222143	0.053371	0.075976	0.002415	0.007411
197	na	3.001595	0.022736	0.017454	0.030129	0.004934	0.004025	0.015636	0.003519	0.261826	0.006622	0.013772	0.019838	0.019589	0.014857	0.012773	0.005419	0.065901	0.325283	0.118961	0.026765	0.009962
198	na	3.059456	0.046917	0.010575	0.004773	0.007942	0.010495	0.013159	0.014126	0.011832	0.235550	0.104109	0.005876	0.018136	0.020359	0.057307	0.016842	0.344306	0.036431	0.021115	0.003173	0.016978
199	na	2.693928	0.032829	0.010178	0.004671	0.005152	0.015397	0.028474	0.023321	0.015204	0.013593	0.022194	0.026931	0.006773	0.022280	0.016827	0.560195	0.038358	0.023064	0.080273	0.004076	0.050210
200	na	2.771686	0.019325	0.010079	0.010091	0.035864	0.008088	0.548298	0.026280	0.024646	0.018123	0.063350	0.005368	0.013482	0.030545	0.013008	0.024137	0.050573	0.042314	0.040786	0.006760	0.008882
201	na	2.566542	0.069992	0.008256	0.010703	0.004996	0.004591	0.008586	0.004802	0.181342	0.005393	0.496132	0.015861	0.004979	0.015895	0.006150	0.009246	0.030415	0.037975	0.077465	0.004631	0.002590
202	na	3.786548	0.030713	0.066922	0.004069	0.008233	0.037043	0.079625	0.034213	0.041792	0.019293	0.094991	0.009483	0.189743	0.021676	0.050774	0.027045	0.031127	0.161739	0.043608	0.011921	0.035990
203	na	2.863363	0.016099	0.013380	0.500107	0.038106	0.007750	0.026666	0.011259	0.010458	0.095822	0.058547	0.005544	0.010455	0.027822	0.008193	0.029036	0.083028	0.019567	0.014768	0.006833	0.016557
