Log likelihood: -4388.16
Branch lengths optimized: 167
Model parameters optimized: 5
R_AG: 2.40891
R_AT: 0.575783
R_CA: 0.911351
R_CG: 0.900534
beta: 0.027411
