Log likelihood: -4383.07
Branch lengths optimized: 167
Model parameters optimized: 5
R_AG: 2.37313
R_AT: 0.541605
R_CA: 0.888486
R_CG: 0.932381
beta: 0.0941581
