Log likelihood: -4371.02
Branch lengths optimized: 167
Model parameters optimized: 5
R_AG: 2.36659
R_AT: 0.611279
R_CA: 1.00232
R_CG: 0.943555
beta: 0.461023
